1 2 21574
1 3 21578
1 4 21687
1 5 21574
1 6 21796
1 7 21796
1 8 21578
1 9 21913
1 10 21913
1 11 21913
1 12 21687
1 13 22024
1 14 22024
1 15 22029
1 16 22029
1 17 22024
1 18 22268
1 19 22268
1 20 22387
1 21 22387
1 22 21796
1 23 22496
1 24 22387
1 25 22268
1 26 22750
1 27 22863
1 28 25545
1 29 26158
1 30 72796
1 31 72919
1 32 73156
1 33 73291
1 34 73758
1 35 73983
1 36 73983
1 37 73758
1 38 74575
1 39 73284
1 40 74688
1 41 74943
1 42 76859
1 43 76982
1 44 77099
1 45 77209
1 46 79653
1 47 81357
1 48 82314
1 49 82571
1 50 83675
1 51 84159
1 52 84739
1 53 86076
1 54 84159
1 55 89038
1 56 90086
1 57 92499
1 58 93217
1 59 97353
1 60 106314
1 61 156475
1 62 160458
1 63 164907
1 64 174292
1 65 177715
1 66 187322
1 67 194951
1 68 198145
1 69 198145
1 70 201095
1 71 205674
1 72 205786
1 73 249868
1 74 250829
1 75 257046
1 76 258599
1 77 267041
42 78 25908
42 79 26159
28 42 28309
42 80 34179
24 42 76844
4 42 76844
25 42 76844
12 42 76963
36 42 76963
38 42 76963
42 47 76963
7 42 76844
42 56 77205
39 42 77205
31 42 77453
32 42 77702
11 42 76963
2 42 78061
23 42 78061
9 42 78298
41 42 78537
3 42 78537
30 42 78537
33 42 78540
40 42 78540
42 48 79046
5 42 79162
42 44 80099
37 42 80431
20 42 80542
13 42 81136
42 45 81255
6 42 81255
27 42 81255
18 42 81373
42 49 81482
15 42 81373
14 42 81482
42 55 81829
19 42 82063
17 42 82056
42 63 84947
42 54 87984
42 43 89468
22 42 89475
35 42 89489
42 81 93358
16 42 95522
42 82 107714
21 42 112042
42 60 114288
42 83 122650
8 42 173235
42 84 173838
42 85 175542
42 52 176365
26 42 180514
42 50 180748
42 65 181127
42 61 182794
42 86 196300
10 42 250201
18 27 21944
18 35 21944
11 18 21944
18 20 21944
3 18 21949
7 18 21952
9 18 21952
18 23 21944
18 25 21949
14 18 21949
5 18 21956
13 18 21944
12 18 21949
8 18 21952
10 18 21956
2 18 21959
18 22 21959
18 56 21959
18 45 22428
18 21 22428
17 18 22540
6 18 22650
18 43 22774
15 18 22540
18 47 22774
4 18 23013
18 19 23013
18 26 23124
16 18 23361
18 24 23475
18 40 24671
18 55 24431
18 76 71816
18 59 74628
18 36 74850
18 33 74850
18 32 78489
18 39 79934
18 30 80058
18 31 81213
18 41 82028
18 34 83849
18 87 85013
18 65 85259
18 88 86481
18 48 88065
18 89 89162
18 90 89419
18 37 89808
18 46 90415
18 38 90415
18 81 93900
18 58 94021
18 60 106719
18 91 169160
18 50 170999
18 61 174148
18 74 183367
18 66 186020
18 92 195423
18 93 199148
18 94 196857
18 95 203139
18 96 203738
18 97 204087
18 98 206831
18 99 248366
18 53 261989
18 77 265907
22 43 21601
11 22 21599
22 23 21601
22 35 21713
22 45 21713
17 22 21717
22 40 21717
19 22 21717
22 25 21601
16 22 21717
7 22 21717
10 22 21720
22 61 21720
22 27 21830
12 22 21830
15 22 21830
14 22 21830
22 47 21830
5 22 21834
9 22 21834
21 22 21834
13 22 22061
3 22 21949
6 22 22176
8 22 22178
4 22 22178
20 22 21949
2 22 22288
22 56 22176
22 24 22879
22 26 23127
22 55 24530
22 30 40070
22 37 38701
22 38 89084
22 31 89925
22 39 90511
22 32 90972
22 41 90746
22 100 99792
22 36 99792
22 101 102113
22 60 108673
22 48 109959
22 33 109848
22 46 110826
22 76 113068
22 84 168423
22 65 168545
22 102 168664
22 103 171446
22 99 175625
22 54 177015
22 50 176905
22 53 180192
22 74 181480
22 104 193919
22 105 194053
22 94 194053
22 106 194557
22 107 195040
22 108 195741
22 109 197560
22 110 244914
22 62 246825
22 66 249030
22 75 251195
22 91 251311
22 111 252193
12 56 21627
12 15 21627
9 12 21627
12 21 21627
12 13 21627
3 12 21736
12 25 21736
8 12 21736
12 14 21737
12 61 21737
12 27 21737
10 12 21852
12 47 21852
12 20 21852
5 12 21852
12 19 21158
2 12 21737
11 12 21737
12 16 21978
12 23 21976
7 12 22090
12 17 22550
12 24 22664
4 12 22664
12 26 23505
12 45 23505
6 12 23016
12 35 23961
12 40 24199
12 76 24777
12 112 30125
12 77 30492
12 113 35479
12 49 39590
12 114 71570
12 43 72566
12 115 71814
12 30 73658
12 31 73532
12 58 73896
12 48 73896
12 36 74152
12 33 73902
12 32 74152
12 39 73896
12 34 74865
12 38 74872
12 41 75949
12 116 78381
12 81 79650
12 52 79989
12 55 80474
12 65 80115
12 54 82990
12 46 83808
12 51 82990
12 57 86594
12 90 88427
12 37 89923
12 101 97482
12 117 101742
12 80 107366
12 60 109042
12 102 165811
12 50 168526
12 118 249726
12 53 261465
12 119 263867
12 59 263978
32 120 27274
32 121 30531
32 122 42550
32 76 71353
32 33 72722
32 34 72722
2 32 72722
20 32 72974
31 32 73101
15 32 73240
25 32 73600
32 39 73600
32 36 73724
32 48 73351
3 32 73859
27 32 74107
32 35 74107
24 32 74347
17 32 74457
21 32 74567
30 32 74567
32 43 74800
9 32 74800
32 38 74910
32 45 75020
32 40 75020
11 32 75255
6 32 75641
13 32 75755
4 32 76008
10 32 76244
7 32 76355
32 37 77084
32 111 77663
32 44 77785
32 41 77785
14 32 77912
32 53 79104
32 56 80073
23 32 80078
32 47 81543
32 49 82478
32 87 83870
19 32 84334
32 55 87086
5 32 89034
32 54 89632
32 57 93221
32 123 94059
16 32 94788
32 124 96446
32 125 96562
32 60 106375
32 62 176345
32 126 177822
32 61 176823
32 50 182629
26 32 182629
32 65 182629
32 66 186039
32 52 189664
32 127 195443
32 128 197011
32 129 197128
32 72 210228
32 73 250209
32 130 250801
2 25 21695
23 25 21695
14 25 21810
25 61 21459
16 25 21813
9 25 21813
3 25 21120
11 25 21568
21 25 21810
8 25 21810
19 25 21938
25 27 21813
25 56 21938
15 25 21810
25 35 22060
13 25 22060
25 47 21941
7 25 22062
20 25 22062
10 25 21943
24 25 22510
25 45 22751
5 25 22174
17 25 22634
25 43 22983
6 25 22872
4 25 23100
25 26 23102
25 55 23697
25 48 23817
25 76 24748
25 29 25118
25 131 33366
25 31 72892
25 38 72892
25 132 72892
25 37 73153
25 39 73497
25 36 74103
25 49 82238
25 41 82734
25 87 85006
25 34 85496
25 40 87792
25 54 88774
25 90 89020
25 30 92065
25 123 93848
25 63 93848
25 58 94102
25 52 100569
25 117 102207
25 65 103069
25 60 209300
25 114 243759
25 62 244121
25 53 247612
25 73 250474
25 75 251179
25 50 251750
25 74 252339
15 27 21483
27 47 21705
21 27 21483
3 27 21829
23 27 21829
11 27 21829
24 27 21483
7 27 21943
27 56 21943
16 27 21943
8 27 21705
5 27 21945
14 27 21945
20 27 21943
9 27 22294
19 27 22066
17 27 22297
6 27 22294
4 27 22413
10 27 22413
2 27 22527
26 27 23113
13 27 23113
27 61 23115
27 45 22654
27 35 23924
27 76 24778
27 55 25015
27 29 25243
27 115 71578
27 39 73873
27 34 74019
27 36 74276
27 38 75694
27 31 78710
27 53 79153
27 44 80335
27 37 80796
27 33 82270
27 133 83322
27 48 84168
27 41 84175
27 43 88352
27 40 90541
27 30 93279
27 52 93896
27 117 95346
27 65 100652
27 60 108450
27 134 122820
27 135 124284
27 136 125058
27 137 158056
27 138 173814
27 139 176564
27 140 177171
27 141 177178
27 66 185964
27 68 195586
27 142 195716
27 107 195962
27 143 196228
27 144 197064
27 145 198807
27 146 198942
27 147 200014
27 97 201897
27 109 202869
27 148 205914
27 149 205914
27 150 242613
27 62 244376
27 114 252155
27 151 257917
27 152 258170
27 153 258170
27 154 258305
27 155 258562
27 156 258684
27 157 258803
27 158 259035
27 159 263171
27 50 266567
27 77 267396
15 24 20946
9 24 21712
24 47 21071
14 24 21593
5 24 21825
11 24 21825
3 24 21831
24 56 21831
8 24 21957
23 24 22071
10 24 22071
19 24 21825
2 24 21825
20 24 22191
21 24 21195
4 24 22187
24 61 22300
6 24 22542
7 24 22550
24 45 23116
13 24 23118
17 24 23120
24 48 24163
24 26 25007
24 160 26795
24 161 26912
24 76 24887
24 162 31520
24 127 33590
24 163 35055
24 33 37134
24 39 48770
24 31 73607
24 35 73967
24 36 74219
24 43 74466
24 38 76027
24 40 76265
24 41 77268
24 55 82380
24 49 82489
24 37 83073
24 87 85369
24 34 86069
24 52 87176
24 90 88506
24 54 88506
24 30 92325
24 57 93898
24 58 93898
24 117 95684
24 60 107210
16 24 108019
24 102 167988
24 65 168115
24 50 168118
24 91 192307
24 164 201541
24 106 202394
24 165 212929
24 166 213527
24 53 253275
24 62 253404
24 75 258249
24 167 261702
9 13 21420
5 13 21649
13 21 21413
8 13 21759
13 15 21413
2 13 21874
13 23 21874
11 13 21879
13 56 21649
13 19 21759
7 13 22004
13 16 21879
13 14 22116
4 13 22116
3 13 22116
6 13 22118
10 13 22004
13 17 22116
13 20 22233
13 47 21759
13 45 22348
13 61 22577
13 43 22806
13 26 23278
13 40 23858
13 35 24105
13 55 24338
13 168 30417
13 112 30417
13 169 35873
13 170 44600
13 31 73444
13 39 73684
13 36 74177
13 125 74177
13 38 74781
13 48 76582
13 33 78791
13 30 79035
13 37 83744
13 133 83255
13 54 89614
13 52 95131
13 59 97860
13 41 98769
13 114 99384
13 60 110897
13 76 113255
13 171 120372
13 172 121086
13 173 121557
13 174 121783
13 175 121783
13 176 126240
13 177 126233
13 137 157951
13 65 160986
13 84 166078
13 44 167792
13 50 169454
13 53 184382
13 62 248482
13 77 264799
16 61 21676
16 21 21808
16 23 21808
16 20 21808
11 16 21676
16 19 21813
9 16 21808
14 16 21813
8 16 21813
3 16 21817
10 16 21934
2 16 21936
5 16 22048
16 47 22048
15 16 21936
4 16 22627
16 17 22627
7 16 22748
6 16 22976
16 26 23097
16 45 23463
16 40 23806
16 56 23924
16 35 24155
16 123 24270
16 55 24500
16 178 32733
16 179 41309
16 180 46341
16 181 46341
16 160 64821
16 43 83409
16 34 83409
16 50 83648
16 53 86421
16 88 87530
16 51 90262
16 31 93955
16 30 93359
16 59 94711
16 124 95558
16 182 96860
16 38 98982
16 37 99707
16 36 100568
16 65 100561
16 52 102207
16 46 105113
16 60 106653
16 33 110119
16 39 115595
16 41 118485
16 171 120773
16 183 120773
16 184 121012
16 185 121122
16 173 121122
16 186 122436
16 187 123491
16 188 126519
16 189 140949
16 48 178350
16 74 182225
16 44 187633
16 66 187744
16 91 193809
16 190 219116
16 191 222213
16 57 254704
16 75 256046
16 84 264462
16 76 264696
16 192 265176
16 62 264580
16 77 266976
45 76 24655
26 76 24887
76 161 26813
76 162 32062
76 127 33488
14 76 71212
48 76 71909
23 76 81549
33 76 83377
76 90 84101
7 76 107489
55 76 112802
20 76 112802
3 76 112802
21 76 160739
76 193 183651
76 194 183892
76 195 184620
39 76 245009
50 76 246563
61 76 249533
2 76 249653
60 76 250264
10 76 250736
11 76 250867
17 76 253275
19 76 253275
62 76 263044
30 76 264691
35 76 264691
21 39 44643
37 39 73243
35 39 73243
7 39 73243
39 56 73378
30 39 73506
15 39 73630
17 39 73506
20 39 73506
2 39 73637
33 39 73746
39 58 73746
34 39 73630
9 39 73750
6 39 73752
36 39 73752
31 39 73871
39 48 73746
3 39 74111
38 39 74347
39 45 74578
14 39 75180
39 40 75414
11 39 74949
10 39 75408
39 43 77452
39 44 77329
23 39 78059
5 39 79503
39 47 82179
19 39 82304
39 55 88355
39 54 90604
39 41 90728
39 46 91435
4 39 91551
39 65 93097
39 81 93344
39 60 112020
39 196 118195
39 197 118439
39 134 123447
39 118 130844
39 135 130844
39 174 130844
39 198 131082
39 199 132422
39 200 132648
39 183 133506
39 61 160349
39 201 203531
39 166 214902
39 202 244924
39 92 244429
8 39 246114
39 62 247806
39 53 247799
26 39 250175
39 84 250773
39 114 252606
39 125 261908
39 59 263914
39 77 266318
15 47 20944
14 47 21559
5 47 21785
3 47 21895
19 47 22019
10 47 22019
21 47 20826
9 47 21673
8 47 21895
7 47 22133
11 47 22134
4 47 22134
47 56 22255
47 61 22255
23 47 22366
17 47 22255
2 47 22019
45 47 22716
43 47 22716
20 47 22966
6 47 22842
26 47 23077
47 203 24628
33 47 75210
36 47 75458
31 47 75332
41 47 77255
38 47 79861
47 204 79861
40 47 82008
47 55 82244
47 87 82846
34 47 85135
47 53 87667
47 88 87667
35 47 88669
37 47 88683
47 48 89665
47 54 89922
47 57 93147
30 47 93859
47 100 94725
47 60 114229
47 62 159690
47 63 165458
47 50 165694
47 102 165819
47 65 167131
47 84 170736
47 205 199005
47 202 243769
47 92 244976
46 47 249411
47 75 251465
47 111 252304
31 206 25503
26 31 25637
20 31 36834
23 31 37304
31 132 65163
2 31 72675
31 38 72799
15 31 72931
6 31 73040
14 31 73040
3 31 73166
31 34 73411
31 48 73418
9 31 73040
31 33 73551
17 31 73418
7 31 73667
31 125 74011
31 43 74493
31 56 74500
4 31 74500
21 31 74502
31 35 74961
31 40 74966
11 31 75204
31 36 73899
10 31 75709
31 44 77621
30 31 78090
31 37 78090
5 31 80071
19 31 80897
31 41 82226
31 55 82226
31 52 83419
31 51 82955
31 54 82955
31 65 83768
31 87 84621
31 49 86556
31 59 97568
31 117 102672
31 50 164370
31 61 165057
31 102 166627
31 45 167081
31 84 168627
31 60 169852
8 31 169721
31 130 174463
31 99 175545
31 62 174825
31 74 185762
31 100 205088
31 166 213103
31 165 213346
2 45 21702
7 45 21450
40 45 21954
9 45 22418
3 45 22418
23 45 22418
4 45 22418
19 45 22528
10 45 22530
11 45 22530
21 45 22644
20 45 22646
15 45 22646
17 45 22644
43 45 22878
8 45 22646
6 45 22997
5 45 23113
14 45 23113
45 56 22997
26 45 23353
35 45 24166
45 55 24513
45 132 73143
38 45 73143
33 45 75343
30 45 76895
41 45 82492
45 58 82617
34 45 83338
45 49 83929
37 45 84046
45 133 85379
45 123 87426
45 48 89540
45 54 89672
45 51 91629
45 52 93639
45 60 109916
45 207 126915
45 65 159461
45 53 162521
45 50 164801
45 102 166313
45 61 168337
36 45 169641
45 85 175107
45 59 181773
44 45 186731
45 62 186851
45 202 244867
45 92 245340
45 66 248946
45 75 251441
45 114 253337
45 208 254279
45 205 254641
45 89 261308
45 77 267154
20 23 21711
20 35 20821
9 20 21941
2 20 21941
20 61 21945
19 20 21945
10 20 21941
15 20 21945
5 20 22054
20 21 22175
20 56 22175
7 20 22296
6 20 22302
8 20 21941
3 20 22414
17 20 22639
11 20 22639
4 20 22751
20 43 22748
14 20 23001
20 26 23586
20 40 24646
20 55 24409
20 132 65374
20 33 73609
20 125 74095
20 36 74214
20 38 75059
20 30 75302
20 41 75428
20 44 77604
20 49 82022
20 37 82381
20 111 85135
20 52 94021
20 117 95450
20 46 105707
20 60 109578
20 48 110033
20 88 163102
20 63 165522
20 53 166362
20 133 166826
20 50 170589
20 65 170704
20 51 175341
20 74 176451
20 204 181496
20 59 183940
20 89 184175
20 73 252311
20 57 259576
20 77 265929
43 61 20868
17 61 21697
19 61 21697
8 61 21462
15 61 21818
23 61 21818
11 61 21946
5 61 21946
14 61 21939
56 61 22062
4 61 22173
21 61 22173
10 61 22062
2 61 22523
9 61 21818
7 61 22640
3 61 22287
6 61 23123
26 61 23235
55 61 24429
35 61 23939
40 61 24898
61 209 28019
61 131 33494
53 61 163002
50 61 164226
61 65 164934
60 61 168130
44 61 168952
52 61 169184
48 61 169189
38 61 169070
37 61 169547
61 210 170608
41 61 171951
30 61 176908
61 126 177897
61 181 194081
61 62 247976
61 99 248108
61 84 250621
61 75 251708
61 89 267473
46 61 267852
61 125 270142
11 19 21582
11 40 21694
8 11 21808
11 14 21920
11 23 22030
11 15 22030
11 21 22030
5 11 22030
3 11 21578
10 11 22031
11 17 22145
7 11 22147
9 11 21808
2 11 22498
6 11 22851
11 56 22728
11 43 22728
4 11 22853
11 26 23310
11 48 23997
11 55 23997
11 37 75302
11 30 75535
11 35 75541
11 34 75541
11 41 75778
11 36 75778
11 38 75778
11 33 76741
11 44 77808
11 53 79193
11 46 81665
11 49 82014
11 87 83364
11 122 83594
11 90 86390
11 133 87040
11 54 89602
11 52 94759
11 124 96430
11 88 105857
11 60 109949
11 62 160375
11 50 164764
11 102 165818
11 84 166530
11 65 171137
11 80 182108
11 89 250931
11 75 258084
11 114 260320
11 125 261827
11 211 263585
11 59 263823
10 23 21613
7 10 21613
8 10 21613
10 43 21493
10 17 21850
10 48 21857
10 14 21981
9 10 21981
10 15 21981
5 10 21983
10 56 22092
2 10 21983
6 10 22212
3 10 22092
4 10 22322
10 35 22437
10 21 22569
10 19 22683
10 37 32374
10 115 72493
10 38 74918
10 33 74447
10 34 85577
10 53 162474
10 50 164709
10 26 164830
10 65 166034
10 102 166270
10 91 166382
10 44 168147
10 84 168269
10 60 171326
10 55 172665
10 62 174450
10 89 176393
10 212 179317
10 52 179073
10 204 181488
10 74 182572
10 36 183055
10 59 184011
10 66 187844
10 213 191028
10 133 245654
10 40 250719
10 41 251322
10 30 256395
9 26 22994
4 26 22994
7 26 22994
26 56 22994
6 26 22994
5 26 22996
2 26 23108
17 26 22996
23 26 22996
19 26 22996
14 26 23108
8 26 23562
26 40 23794
26 55 24143
26 35 24269
26 123 24272
21 26 24271
15 26 32962
26 38 164662
26 54 165020
3 26 166894
26 50 167371
26 48 167480
26 62 167606
26 37 167854
26 44 167854
26 43 171795
26 53 179920
26 65 180989
26 59 184027
26 30 187420
26 89 192262
26 201 197531
26 46 198143
26 198 200668
26 60 250463
26 75 251547
26 91 252758
26 41 258560
26 77 267819
3 14 21656
9 14 21316
5 14 21656
8 14 21656
14 21 21890
14 23 21890
14 35 21890
14 17 22004
14 15 22004
14 56 22004
14 19 22362
6 14 22715
4 14 22478
2 14 22956
7 14 23186
14 40 23775
14 55 24354
14 112 29187
14 214 36104
14 215 36859
14 118 37449
14 162 38162
14 216 38650
14 163 39169
14 33 70636
14 34 72711
14 38 74430
14 36 75376
14 48 76112
14 44 77799
14 49 81835
14 43 82654
14 65 83489
14 90 88882
14 46 89729
14 54 89848
14 37 91175
14 41 92597
14 30 93931
14 124 96443
14 59 97400
14 117 98343
14 60 108012
14 217 124612
14 172 124888
14 185 124888
14 106 125013
14 183 126002
14 218 126246
14 219 126246
14 174 126246
14 175 126246
14 220 126985
14 80 126985
14 199 126985
14 109 126985
14 177 128395
14 221 147236
14 62 163513
14 51 175193
14 205 197988
14 222 208598
14 223 208605
14 186 210273
14 224 211102
14 225 211479
14 226 211938
14 227 213628
14 228 213745
14 229 213984
14 230 213745
14 231 215773
14 50 245561
14 99 246877
14 114 248321
14 84 249761
14 66 251671
14 75 256088
14 232 257304
40 48 21969
5 48 24042
8 48 24151
4 48 25828
19 48 26305
23 48 27029
9 48 72849
35 48 72863
34 48 72974
2 48 72974
36 48 73856
17 48 73970
38 48 75884
3 48 76131
7 48 76482
48 56 77095
46 48 79632
48 52 79632
48 65 80850
21 48 81585
48 58 82176
6 48 82536
37 48 82536
41 48 82651
33 48 82422
48 49 84745
48 54 88351
48 55 90046
48 57 94730
48 100 94730
48 82 108248
15 48 110158
43 48 111122
48 60 111701
48 62 160999
48 91 166599
44 48 168025
48 84 170741
48 99 175685
48 126 177881
48 59 182689
48 74 183041
48 66 186086
48 127 196577
48 50 246787
9 15 21572
8 15 21687
5 15 21689
15 21 21814
15 23 21817
3 15 21814
2 15 21689
7 15 21937
15 56 21687
15 19 21687
4 15 22278
6 15 22388
15 17 22626
15 43 22629
15 203 24417
15 233 40341
15 138 40341
15 187 42830
15 234 43702
15 34 72917
15 30 73883
15 33 73883
15 36 74121
15 38 74378
15 40 81892
15 49 82004
15 55 82134
15 87 84413
15 90 87683
15 54 87683
15 52 87931
15 88 88185
15 37 89917
15 182 91983
15 114 91990
15 198 101327
15 65 102968
15 76 107401
15 60 107891
15 35 109780
15 183 125474
15 118 125587
15 174 126560
15 109 126560
15 175 126560
15 136 126900
15 199 127276
15 135 127387
15 218 127628
15 80 127628
15 220 127276
15 177 128672
15 62 162887
15 50 164452
15 63 165614
15 53 166192
15 66 186400
15 103 247835
2 19 21465
19 23 21688
5 19 21688
19 56 21688
9 19 21806
19 21 21465
3 19 21806
8 19 21809
4 19 22048
17 19 22048
6 19 21936
19 43 22625
7 19 22974
19 35 23797
19 40 24494
19 55 24489
19 52 80308
19 65 80308
19 36 80426
19 34 81979
19 58 82215
19 87 82465
19 33 82942
19 38 82949
19 50 83530
19 54 83879
19 51 83879
19 49 84123
19 221 106526
19 41 118358
19 60 120410
19 235 124344
19 229 124464
19 109 125440
19 136 125673
19 118 125673
19 80 126513
19 175 126513
19 174 126513
19 199 127211
19 198 127564
19 183 127793
19 218 127211
19 220 127211
19 88 160883
19 99 175082
19 37 176155
19 74 176155
19 59 179919
19 89 183662
19 66 185969
19 44 187846
19 205 198742
19 30 257612
19 75 258537
19 77 267203
6 8 21979
6 9 21983
5 6 21986
6 35 21986
6 23 21983
2 6 22209
3 6 21983
6 7 22098
6 21 22209
4 6 22435
6 17 22435
6 56 22561
6 43 22678
6 40 24436
6 55 24316
6 236 34599
6 80 37291
6 237 72291
6 33 72520
6 38 74482
6 37 74725
6 44 78599
6 49 81915
6 34 83844
6 36 88041
6 54 88525
6 46 108751
6 60 110639
6 41 111261
6 50 165654
6 65 165654
6 84 166132
6 133 166473
6 62 167173
6 30 175742
6 81 179112
6 52 182512
6 59 182631
6 66 246445
6 165 262179
6 119 264279
6 76 265469
6 77 265469
23 35 21558
35 40 21681
35 55 23216
35 56 24045
2 35 23933
7 35 24052
9 35 24052
4 35 24162
21 35 23933
35 112 29446
35 65 71533
35 132 72985
35 38 72985
17 35 73228
33 35 73487
35 58 73487
35 36 74314
35 43 74460
5 35 81362
35 37 81858
35 41 81983
35 49 82942
35 53 83054
35 122 87166
3 35 88527
35 90 89040
30 35 93723
35 54 96509
35 60 114905
35 102 167938
35 52 171573
35 62 174492
35 50 176405
35 74 186233
35 66 186465
8 35 187387
35 44 189405
35 89 191638
35 202 192361
35 238 238876
35 73 250462
35 84 250577
35 75 251273
35 114 258415
35 208 258660
35 51 261541
35 59 265904
23 40 21701
17 40 21943
40 43 21950
40 55 23025
40 46 23502
21 40 23858
8 40 23855
40 56 23855
9 40 23859
2 40 24319
4 40 23859
7 40 24556
40 112 29353
40 132 73041
36 40 74831
33 40 74590
38 40 76295
40 41 77020
40 49 81995
5 40 93299
3 40 107412
40 60 108151
37 40 115195
40 133 245373
40 74 251129
40 53 252332
40 50 252586
40 89 267276
3 9 21664
3 5 21660
3 21 21660
2 3 21667
3 8 21664
3 23 21791
3 56 21791
3 7 21907
3 17 22021
3 43 22604
3 34 72771
3 37 74454
3 38 74695
3 36 74944
3 44 78083
3 53 79053
3 33 80213
3 46 81508
3 54 88514
3 30 93017
3 55 94334
3 124 95800
3 128 100444
3 60 103537
3 41 109634
3 4 111584
3 235 124330
3 229 124450
3 109 125191
3 188 125426
3 239 125309
3 174 125659
3 240 125659
3 175 125659
3 149 126849
3 96 128743
3 65 167918
3 50 167918
3 62 174113
3 59 182077
3 89 183880
3 125 183997
3 66 185949
4 21 21988
4 9 21988
2 4 22113
4 5 22234
4 8 21988
4 56 22234
4 7 22682
4 43 22566
4 23 22684
4 17 22686
4 55 24349
4 65 73704
4 58 74206
4 36 74567
4 38 75698
4 88 75698
4 41 76902
4 33 77607
4 116 79083
4 81 79451
4 52 79451
4 51 81989
4 54 82233
4 46 83691
4 50 84192
4 53 86993
4 34 87447
4 100 94748
4 63 95375
4 125 95496
4 117 101530
4 204 101657
4 60 110601
4 170 117798
4 241 121450
4 177 126628
4 62 133891
4 102 170019
4 85 174240
4 238 238002
4 74 251051
4 66 251987
4 37 253590
4 75 257173
4 77 265717
77 237 29156
58 77 40979
77 100 174115
11 77 265909
35 77 265909
17 77 266377
59 77 265909
21 77 265909
2 77 265909
61 77 266950
41 77 267696
37 77 267927
9 77 268044
55 77 268401
55 56 20943
8 55 21055
9 55 21055
5 55 21287
43 55 21287
7 55 21287
46 55 21519
21 55 24270
2 55 24268
23 55 24270
55 178 32389
55 242 39726
55 243 39733
55 179 41323
55 181 46317
55 180 46317
53 55 80656
34 55 81744
37 55 82086
38 55 82208
17 55 82908
55 63 83785
55 133 83276
55 123 87179
41 55 88436
55 57 93011
55 58 93362
55 100 95519
55 125 95636
54 55 97407
55 65 97407
52 55 97650
55 114 99388
36 55 99388
55 89 99767
55 212 102670
55 60 109035
33 55 109746
55 244 122282
55 245 122282
55 246 122282
55 247 124201
55 248 124440
55 62 174191
55 84 174789
55 99 175027
51 55 174911
55 85 175888
55 74 176133
50 55 180506
55 204 181441
55 59 182163
30 55 185866
55 205 198821
55 187 205531
55 107 205642
55 217 207878
55 249 207878
55 250 208247
55 186 210652
55 230 210898
55 251 211245
55 252 214680
55 92 246802
55 110 251990
55 232 251990
55 66 252717
55 75 255813
55 192 262993
44 55 268288
8 43 21175
23 43 21412
17 43 21526
7 43 21748
5 43 22709
9 43 22709
21 43 22833
37 43 32744
43 115 72524
36 43 74446
43 58 74842
38 43 75781
33 43 74446
41 43 77602
2 43 77598
30 43 78104
43 53 81745
43 65 81981
43 51 83065
43 49 83177
34 43 83535
43 50 83767
43 209 86555
43 90 87775
43 57 93354
43 63 93706
43 123 94335
43 88 100449
43 100 100449
43 60 109639
43 84 171058
43 62 174306
43 52 182538
43 59 182538
43 74 182776
43 213 190994
43 165 243352
43 99 248137
43 76 250803
2 5 21703
5 21 21703
5 23 21825
5 9 21822
5 8 21831
5 7 21948
5 56 21948
5 123 24175
5 80 34371
5 253 39445
5 30 79920
5 17 80363
5 65 80363
5 52 80363
5 36 80591
5 58 81887
5 77 82257
5 49 83239
5 33 83358
5 63 85129
5 102 85251
5 57 86351
5 41 86476
5 54 87680
5 38 87804
5 46 89919
5 37 91262
5 59 94610
5 124 96439
5 114 99396
5 88 101234
5 100 101604
5 60 106358
5 254 121157
5 255 164781
5 53 166171
5 51 166907
5 91 169271
5 211 255574
9 21 21564
9 56 21900
2 9 21902
9 23 21902
8 9 21902
7 9 22139
9 17 22726
9 168 30040
9 169 35986
9 38 72962
9 34 73072
9 36 74190
9 37 83496
9 133 83368
9 123 87391
9 46 89870
9 54 90235
9 53 93228
9 52 94801
9 124 96459
9 117 97416
9 41 98837
9 28 105417
9 60 110828
9 33 110582
9 99 155286
9 102 166690
9 50 166805
9 65 166922
9 30 176730
9 204 181462
9 59 182523
9 66 190377
9 75 257396
9 76 259204
9 51 261156
7 17 21536
7 8 22012
2 7 22012
7 21 22237
7 23 22466
7 56 22938
7 112 29228
7 162 31582
7 243 34016
7 214 35846
7 215 36700
7 216 36700
7 118 37657
7 37 69392
7 33 73417
7 36 74392
7 38 75617
7 41 76921
7 44 77536
7 53 79210
7 49 81898
7 54 84291
7 51 84405
7 52 85145
7 46 85397
7 90 88540
7 100 95469
7 59 97373
7 88 101249
7 210 105278
7 65 104409
7 256 106564
7 60 107755
7 30 110000
8 21 23707
21 56 23707
2 21 23933
21 23 24171
21 112 29475
21 127 31721
21 118 31841
21 243 34145
21 214 35926
21 215 37122
21 162 38721
21 115 72476
21 36 74690
21 38 75788
17 21 76277
21 44 78914
21 33 80004
21 65 81814
21 58 82062
21 34 83514
21 50 83755
21 52 94211
21 117 95622
21 41 96466
21 53 104394
21 60 108766
21 30 110164
21 37 110385
21 46 111906
21 88 161942
21 91 165646
21 102 167297
21 54 178396
21 81 178637
21 62 180731
21 59 181353
21 80 182055
21 74 183690
21 257 205616
21 133 245053
21 66 246135
21 99 248158
21 101 252333
21 211 255294
21 51 261522
8 56 21583
23 56 21811
2 56 21694
17 56 22627
43 56 22630
56 112 29484
46 56 30072
56 258 34942
56 133 42446
37 56 43559
56 132 72898
38 56 72870
33 56 73266
56 116 74089
36 56 74330
56 125 78898
49 56 81745
56 123 87203
56 90 88757
41 56 90520
53 56 103168
56 60 108203
2 23 21849
8 23 22201
17 23 22547
23 123 24324
23 132 65254
23 44 78190
23 33 78995
23 53 79127
23 38 79253
23 204 79627
23 30 81527
23 37 82124
23 49 82246
23 41 82374
23 117 83815
23 57 89336
23 46 91237
23 36 105787
23 60 111917
23 236 156057
23 50 158626
23 63 165510
23 51 166838
23 52 169162
23 259 170010
23 180 194277
23 181 194277
23 260 195237
23 142 195857
23 143 196448
23 144 197413
23 94 197667
23 261 197667
23 148 197900
23 71 198026
23 108 198026
23 104 198160
23 69 198404
23 93 198525
23 145 198996
23 146 199123
23 262 199123
23 234 201153
23 147 202216
23 255 203664
23 109 203784
23 149 206267
23 95 206267
23 98 206389
23 59 207948
23 202 242890
23 65 246856
23 62 249404
23 73 250231
23 74 251305
23 66 252167
23 263 258324
2 8 21540
2 17 22368
2 264 37190
2 34 72779
2 33 72786
2 30 73521
2 36 73655
2 37 74115
2 38 75699
2 44 77481
2 41 81847
2 49 82585
2 124 96388
2 59 97206
2 100 99939
2 53 103387
2 60 109618
2 46 110857
2 209 154705
2 50 158322
2 65 160137
2 54 164961
2 102 166014
2 84 166135
2 133 166501
2 62 170447
2 81 179435
2 74 181115
2 207 241262
2 89 249007
2 91 249477
2 75 256485
2 114 259621
8 17 21483
8 29 26451
8 65 169710
8 50 169710
8 38 169956
8 60 169956
8 41 171652
8 37 175242
8 204 181405
8 32 182597
8 125 185728
8 252 224489
8 133 245228
8 99 248103
8 130 248336
8 114 253668
8 211 253795
8 30 253907
8 62 269748
8 265 271193
8 266 271304
8 267 271304
8 268 271304
8 269 271304
8 270 271311
8 271 272143
8 272 275308
8 273 276266
8 274 352061
