100 106 1246360340
100 112 1246466720
10 101 1246442280
10 11 1246363860
10 113 1246452060
10 12 1246344160
10 14 1246295500
10 16 1246260700
10 17 1246260660
10 18 1246286040
10 19 1246269480
10 20 1246293040
102 109 1246357120
102 112 1246437620
102 113 1246452300
10 22 1246442820
10 24 1246442260
10 26 1246278040
10 27 1246436840
10 28 1246263860
10 30 1246293100
103 107 1246356700
103 108 1246356580
10 31 1246437080
10 34 1246286060
10 35 1246449540
10 38 1246291740
10 40 1246436940
104 110 1246438660
10 41 1246269680
10 42 1246443080
10 43 1246436920
10 44 1246437340
10 45 1246442300
10 46 1246292420
10 47 1246264040
10 49 1246278220
105 108 1246361420
105 110 1246360400
10 53 1246437160
10 55 1246449240
10 58 1246341580
10 59 1246264020
106 107 1246362560
10 63 1246351980
10 64 1246443600
10 65 1246278060
10 69 1246442760
107 113 1246447480
10 72 1246465160
10 73 1246268780
10 74 1246294500
10 75 1246437160
10 76 1246285560
10 78 1246268840
108 110 1246361960
108 113 1246453500
10 83 1246278560
10 84 1246447140
10 85 1246437340
10 86 1246285340
10 89 1246442340
10 91 1246447300
10 92 1246436860
10 93 1246362920
10 95 1246443480
10 96 1246307900
10 97 1246442260
10 99 1246341720
1 100 1246442300
1 101 1246359060
1 10 1246260060
1 102 1246352440
1 103 1246362880
1 104 1246359240
1 107 1246362580
1 108 1246453520
1 109 1246357140
11 101 1246449300
1 110 1246368780
11 102 1246357260
11 105 1246466860
11 110 1246466860
1 11 1246264460
11 112 1246437900
11 12 1246357860
1 112 1246442380
1 113 1246443700
11 14 1246260280
11 16 1246260360
11 18 1246278200
1 12 1246263440
112 113 1246452300
11 22 1246466860
11 24 1246466880
11 28 1246269780
11 30 1246458700
1 13 1246262900
11 39 1246466880
1 14 1246293200
11 50 1246466880
1 15 1246360320
11 52 1246466880
11 57 1246379480
1 16 1246263440
1 17 1246360540
11 72 1246291620
11 76 1246354680
11 84 1246291260
1 19 1246263980
11 93 1246359060
1 20 1246459000
12 100 1246357080
12 102 1246355920
12 106 1246360220
12 107 1246358760
12 109 1246357980
12 112 1246437560
1 2 1246255220
12 113 1246450060
12 13 1246262980
12 14 1246352080
12 15 1246260940
12 16 1246263340
12 17 1246262860
12 19 1246285380
12 20 1246295460
12 23 1246385320
12 24 1246286420
12 25 1246352120
12 26 1246262940
12 27 1246352900
12 28 1246359800
12 30 1246453060
12 31 1246379520
12 32 1246358360
12 33 1246443520
12 34 1246279840
12 35 1246344160
12 36 1246285420
12 37 1246359180
12 38 1246352080
12 39 1246280160
1 24 1246362120
12 42 1246452780
12 43 1246458700
12 44 1246263000
12 45 1246269120
12 46 1246277880
12 47 1246276740
12 48 1246442000
12 49 1246352100
1 25 1246373180
12 52 1246364220
12 53 1246359460
12 54 1246352580
12 57 1246273280
12 58 1246287920
12 60 1246266800
12 61 1246263660
1 26 1246262020
12 63 1246380780
12 64 1246352920
12 65 1246277460
12 66 1246271100
12 67 1246363240
12 68 1246265340
12 69 1246275520
12 70 1246285400
12 71 1246360820
12 72 1246359900
12 74 1246291520
12 75 1246458720
12 76 1246279420
12 77 1246352840
12 78 1246268880
12 81 1246276360
12 82 1246273960
12 83 1246383520
12 85 1246351960
12 87 1246295200
12 88 1246361800
12 89 1246281600
12 90 1246352840
12 92 1246295400
12 93 1246286760
12 95 1246359900
12 96 1246357700
1 30 1246373860
13 101 1246344060
13 106 1246450180
13 107 1246377980
13 110 1246378840
1 31 1246263880
1 3 1246259260
13 113 1246459280
13 15 1246359640
13 17 1246262300
13 19 1246260860
13 25 1246352540
13 27 1246352840
13 31 1246359820
1 34 1246268880
13 42 1246442320
13 43 1246274380
13 44 1246263000
13 45 1246274240
13 46 1246262860
13 47 1246372180
13 48 1246442280
1 35 1246263460
13 57 1246352800
13 58 1246352220
13 63 1246378140
13 65 1246378680
13 66 1246271200
13 67 1246357000
13 68 1246265720
13 69 1246275940
13 71 1246430180
1 37 1246280580
13 74 1246291720
13 75 1246267020
13 76 1246378760
13 78 1246270640
1 38 1246382720
13 83 1246352800
13 85 1246352080
13 88 1246449360
13 89 1246282240
13 90 1246352280
1 39 1246269400
13 93 1246355900
13 99 1246352500
1 40 1246264420
14 101 1246442680
14 102 1246437000
14 105 1246466980
1 4 1246259220
14 113 1246443180
14 16 1246287000
14 17 1246262360
14 18 1246269460
14 19 1246276120
1 42 1246262140
14 23 1246267320
14 25 1246437600
14 26 1246261620
14 27 1246465960
14 30 1246459280
14 31 1246262740
1 43 1246262100
14 34 1246268840
14 35 1246261780
14 37 1246442420
14 38 1246437340
14 39 1246377300
14 40 1246437240
14 41 1246293520
1 44 1246262120
14 43 1246352500
14 45 1246286860
14 47 1246282640
14 48 1246295860
14 49 1246294360
14 50 1246458960
1 45 1246262140
14 52 1246292640
14 53 1246352020
14 57 1246262980
14 58 1246452560
1 46 1246263520
14 62 1246356660
14 63 1246275260
14 64 1246276800
14 65 1246295480
14 69 1246292660
1 47 1246263880
14 72 1246437220
14 74 1246292460
14 76 1246294500
14 78 1246269280
14 80 1246356260
1 48 1246274700
14 83 1246276820
14 84 1246442840
14 85 1246438040
14 88 1246448940
14 89 1246373520
14 90 1246366700
14 91 1246443280
1 49 1246269940
14 92 1246442360
14 93 1246437080
14 99 1246352460
15 108 1246356720
1 5 1246443880
15 17 1246383720
15 19 1246286500
1 52 1246359380
15 23 1246269260
15 24 1246382920
15 25 1246381200
15 28 1246262540
15 29 1246363060
15 30 1246384600
15 31 1246285760
1 53 1246373080
15 34 1246295800
15 35 1246285520
15 36 1246353180
15 40 1246355920
1 54 1246356780
15 44 1246275660
15 46 1246361600
15 47 1246264040
15 49 1246362680
15 54 1246352300
15 56 1246352300
15 57 1246282180
15 59 1246352340
15 60 1246294020
15 63 1246293560
15 64 1246293620
15 65 1246383460
15 68 1246378420
15 70 1246359040
1 57 1246264860
15 72 1246379160
15 74 1246292520
15 76 1246362660
15 77 1246355940
15 78 1246269400
1 58 1246289320
15 83 1246285540
15 86 1246437340
15 88 1246281880
15 91 1246352260
15 98 1246438220
15 99 1246352380
16 102 1246362040
16 104 1246359040
1 61 1246263580
1 6 1246259840
16 113 1246451000
16 17 1246260520
16 19 1246269560
1 62 1246270380
16 24 1246268840
16 27 1246352760
16 28 1246262120
16 31 1246295720
1 63 1246266320
16 34 1246279840
16 35 1246262220
16 40 1246273000
16 43 1246352280
16 45 1246442320
16 47 1246371600
16 49 1246352760
16 51 1246356560
1 65 1246269420
16 52 1246263160
16 53 1246352640
16 57 1246288960
16 58 1246437240
16 61 1246276020
1 66 1246296960
16 63 1246360100
16 64 1246436880
16 65 1246356560
16 71 1246372360
1 67 1246363440
16 73 1246275720
16 74 1246378680
16 76 1246293900
16 80 1246429560
16 83 1246278580
16 88 1246361740
16 90 1246344900
1 69 1246381800
16 93 1246362000
16 96 1246465380
1 70 1246289320
17 103 1246356920
17 106 1246379680
17 107 1246371460
17 108 1246381820
17 110 1246370500
1 71 1246292180
1 7 1246263480
17 113 1246462120
17 19 1246278920
1 72 1246356120
17 22 1246285400
17 23 1246291760
17 24 1246262360
17 25 1246352760
17 28 1246262220
17 29 1246467080
17 31 1246286480
1 73 1246265780
17 35 1246378600
17 36 1246352100
17 37 1246378940
17 38 1246371840
17 39 1246362640
17 41 1246293260
1 74 1246291460
17 42 1246376260
17 46 1246262360
17 47 1246295080
17 48 1246366260
17 49 1246285340
17 52 1246291480
17 53 1246356680
17 54 1246287180
17 56 1246262860
17 58 1246341940
17 61 1246276160
1 76 1246271280
17 63 1246293500
17 65 1246352080
17 67 1246382380
17 69 1246378800
1 77 1246294520
17 72 1246291500
17 73 1246274740
17 74 1246274720
17 75 1246278980
17 76 1246378820
17 77 1246352740
17 81 1246293100
1 78 1246269400
17 85 1246452420
17 86 1246277640
17 88 1246359500
17 90 1246352840
17 91 1246442300
17 99 1246352020
1 81 1246293020
1 8 1246259880
18 113 1246443160
18 19 1246260580
1 82 1246277380
1 83 1246363160
18 33 1246443600
18 34 1246284100
18 37 1246458480
18 39 1246267140
18 41 1246264020
18 47 1246443180
1 85 1246449320
18 53 1246267120
18 54 1246268980
18 60 1246269480
18 65 1246445540
18 69 1246458800
1 87 1246285760
18 80 1246274200
1 88 1246356140
18 84 1246449240
18 87 1246443200
1 89 1246383160
1 90 1246355960
19 100 1246359080
19 101 1246350160
19 102 1246359040
19 106 1246381440
19 107 1246359220
19 109 1246357440
1 91 1246465760
1 9 1246271460
19 113 1246450660
19 20 1246355880
19 21 1246355900
19 22 1246267220
19 23 1246296340
19 25 1246381120
19 27 1246453460
19 31 1246295780
1 93 1246293280
19 34 1246380060
19 35 1246267100
19 37 1246352180
19 38 1246285340
19 39 1246267120
19 41 1246268980
19 42 1246266260
19 43 1246263920
19 44 1246269180
19 45 1246274620
19 46 1246278760
19 47 1246269720
19 48 1246360720
19 49 1246381160
19 50 1246352180
1 95 1246443380
19 53 1246352280
19 54 1246275260
19 56 1246352200
19 57 1246267100
19 58 1246290320
1 96 1246292600
19 63 1246267240
19 64 1246267220
19 65 1246282460
19 66 1246269800
19 67 1246269200
19 69 1246291640
19 70 1246285540
1 97 1246356380
19 72 1246385420
19 73 1246269480
19 75 1246276000
19 76 1246379280
19 77 1246356260
19 78 1246270180
1 98 1246295580
19 83 1246285340
19 84 1246451800
19 85 1246443660
19 86 1246279000
19 89 1246292220
19 90 1246364340
19 91 1246286460
19 93 1246357880
19 95 1246431740
19 99 1246356180
20 101 1246449240
20 106 1246362100
20 107 1246360720
20 31 1246352200
20 33 1246447500
20 38 1246462800
20 46 1246361760
20 55 1246436820
20 71 1246447500
20 72 1246450520
20 87 1246300120
20 93 1246342500
20 96 1246463040
2 101 1246343680
2 10 1246260100
2 103 1246349200
2 104 1246359220
2 109 1246356900
2 11 1246359660
2 12 1246260320
21 25 1246365620
21 27 1246365280
21 30 1246296640
2 13 1246260640
21 32 1246269860
21 39 1246269940
21 41 1246263620
2 14 1246260880
21 44 1246268740
21 45 1246293080
21 54 1246361900
21 56 1246277000
21 58 1246286580
21 59 1246280020
21 64 1246363060
21 69 1246285580
21 72 1246360860
21 73 1246348600
21 76 1246274260
21 78 1246268840
2 18 1246261980
21 84 1246355920
21 86 1246278060
21 87 1246284420
21 88 1246357900
2 19 1246275460
21 96 1246293120
22 105 1246466820
22 107 1246378540
22 110 1246466820
22 24 1246466880
22 25 1246438060
22 31 1246362340
22 32 1246269460
22 34 1246466760
22 37 1246462420
22 38 1246267120
22 39 1246466900
22 41 1246267140
2 24 1246356740
22 42 1246274300
22 50 1246466880
22 52 1246466880
22 63 1246295200
22 64 1246267220
22 70 1246372920
22 71 1246279920
22 72 1246287560
22 74 1246293620
22 77 1246466880
22 81 1246292980
22 83 1246279880
22 84 1246362840
22 86 1246466900
22 89 1246363740
22 90 1246449240
22 99 1246442940
23 102 1246449460
23 105 1246449600
23 108 1246442980
2 3 1246259340
23 113 1246449920
23 25 1246377260
23 28 1246268740
23 30 1246452280
23 31 1246372020
2 33 1246261980
23 35 1246451840
23 38 1246262720
23 39 1246449900
23 41 1246269140
23 45 1246455220
23 48 1246275760
23 50 1246274200
23 53 1246437120
23 54 1246275420
23 57 1246291760
23 64 1246451820
23 65 1246437800
23 66 1246374460
23 70 1246296380
23 71 1246286060
23 72 1246268740
23 74 1246379280
23 78 1246276240
23 87 1246364440
23 91 1246447300
2 40 1246264420
24 100 1246363960
24 105 1246466880
24 110 1246466880
2 4 1246259220
24 25 1246261000
24 27 1246261200
24 30 1246293220
24 31 1246293700
24 35 1246356320
24 37 1246449260
24 39 1246466880
24 40 1246355900
24 46 1246378320
24 48 1246442260
24 49 1246383280
24 50 1246274680
24 51 1246274740
2 45 1246263240
24 52 1246262880
24 53 1246352560
24 55 1246449540
24 56 1246442280
24 57 1246286160
24 58 1246352360
24 60 1246263420
2 46 1246269420
24 63 1246291880
24 65 1246285960
24 69 1246378880
24 70 1246352500
24 72 1246357080
24 73 1246278400
24 74 1246291600
24 77 1246276220
24 78 1246268840
24 80 1246343500
2 48 1246293900
24 83 1246351960
24 86 1246438040
24 87 1246286020
24 89 1246449260
24 90 1246286540
24 91 1246286560
2 49 1246263000
24 95 1246459760
24 96 1246463200
24 97 1246442260
25 101 1246356060
25 103 1246358640
25 105 1246372580
25 109 1246356940
25 110 1246361740
25 27 1246261200
25 28 1246342980
25 29 1246362000
25 31 1246357060
2 53 1246360460
25 32 1246292840
25 34 1246352800
25 35 1246344160
25 37 1246352840
25 38 1246363580
25 39 1246377300
25 41 1246343060
25 43 1246437360
25 44 1246352780
25 45 1246352560
25 46 1246355960
25 49 1246373160
25 52 1246437720
25 53 1246352660
25 54 1246292300
25 56 1246459400
25 57 1246360840
25 58 1246437220
25 63 1246348020
25 64 1246437940
25 65 1246352540
25 66 1246352180
25 68 1246356200
25 69 1246382800
25 70 1246359040
2 57 1246276940
25 73 1246381520
25 74 1246380860
25 78 1246291560
25 83 1246453200
25 84 1246437360
25 85 1246429820
25 86 1246464540
25 87 1246292380
25 89 1246377260
25 90 1246352840
25 92 1246359180
25 93 1246356100
25 95 1246367680
25 96 1246360820
25 97 1246356280
25 98 1246377260
25 99 1246356280
2 6 1246259900
26 32 1246261540
26 36 1246294840
26 44 1246291480
26 47 1246277180
26 49 1246277460
2 65 1246274240
26 60 1246286420
26 66 1246275860
26 72 1246296500
26 73 1246291440
26 76 1246293240
26 78 1246271120
26 90 1246294900
2 70 1246264620
27 100 1246437820
27 105 1246360720
2 71 1246264640
27 28 1246261160
27 29 1246458720
27 32 1246292960
27 34 1246352800
27 36 1246352120
27 37 1246352840
27 38 1246437860
27 39 1246362940
27 43 1246378520
27 44 1246352780
27 48 1246367360
2 75 1246266380
27 54 1246443060
27 55 1246430040
27 56 1246429800
27 57 1246381120
2 76 1246268260
27 63 1246447180
27 65 1246352840
27 69 1246352860
27 71 1246383400
2 77 1246268580
27 72 1246294080
27 75 1246379120
27 81 1246293440
2 78 1246276140
27 84 1246437380
27 85 1246429920
27 87 1246448900
27 90 1246352560
27 92 1246436940
27 93 1246437340
27 95 1246436840
27 96 1246292240
27 97 1246352140
2 8 1246259960
28 29 1246261200
28 30 1246287000
28 37 1246359760
28 38 1246371960
28 40 1246263700
28 48 1246356900
28 52 1246362140
28 53 1246359060
28 54 1246276740
28 57 1246291880
2 86 1246277700
28 63 1246343080
28 64 1246343080
28 72 1246268740
28 73 1246294800
28 78 1246291300
28 96 1246359180
2 9 1246260040
29 34 1246449280
29 39 1246343760
29 45 1246352040
29 48 1246345080
29 52 1246274640
29 58 1246465380
29 64 1246362780
29 65 1246352120
29 72 1246274640
29 76 1246458720
29 78 1246268880
29 88 1246465420
29 90 1246465220
29 91 1246344440
29 97 1246459740
30 104 1246372980
30 107 1246372480
30 113 1246445260
30 31 1246291260
30 32 1246285540
30 36 1246294840
30 37 1246465700
30 41 1246378600
30 42 1246378600
30 43 1246458700
30 45 1246292500
30 46 1246292920
30 48 1246290320
30 49 1246274760
30 52 1246465400
30 53 1246366220
30 55 1246458800
30 59 1246263380
30 63 1246293220
30 65 1246438060
30 69 1246383960
30 70 1246292560
30 71 1246465560
30 73 1246291260
30 75 1246442300
30 78 1246270060
30 83 1246291280
30 84 1246459840
30 86 1246276800
30 87 1246280260
30 94 1246292560
3 100 1246296620
3 10 1246260080
3 103 1246352340
3 104 1246359240
3 105 1246352760
3 107 1246356080
3 108 1246356340
3 109 1246356780
31 100 1246437640
31 101 1246351960
3 110 1246360280
31 102 1246360560
31 107 1246372640
31 108 1246443580
3 111 1246367480
3 11 1246260180
31 112 1246449840
3 113 1246443100
3 12 1246272140
3 13 1246362660
31 32 1246357080
31 34 1246292520
31 35 1246287320
31 37 1246380600
31 41 1246371800
3 14 1246293060
31 44 1246278960
31 45 1246351980
31 46 1246359560
31 47 1246291360
31 48 1246378020
31 49 1246382620
31 50 1246274680
3 15 1246260320
31 52 1246371800
31 53 1246262600
31 54 1246442320
31 56 1246262560
31 57 1246263540
31 58 1246362840
31 60 1246279620
3 16 1246260400
31 63 1246275080
31 64 1246278320
31 65 1246291360
31 66 1246449600
31 67 1246380240
31 69 1246378820
31 71 1246292100
3 17 1246260520
31 72 1246359700
31 73 1246438100
31 74 1246293620
31 76 1246296800
31 77 1246285800
31 78 1246269300
31 79 1246437280
31 81 1246279120
3 18 1246443160
31 83 1246291300
31 84 1246277640
31 85 1246442840
31 87 1246352420
31 88 1246361760
31 90 1246291940
31 91 1246449260
3 19 1246260580
31 94 1246291360
31 97 1246352080
31 99 1246352020
3 20 1246260620
32 103 1246355020
3 21 1246260740
3 22 1246260740
3 23 1246379480
32 36 1246263480
32 39 1246287060
3 24 1246260920
3 25 1246261000
32 54 1246263740
32 58 1246355920
32 60 1246296380
3 26 1246261060
32 65 1246349980
32 70 1246359020
32 71 1246274140
3 27 1246261080
3 28 1246261160
32 90 1246363180
32 96 1246292240
3 30 1246261320
3 31 1246261440
3 32 1246261540
3 33 1246261540
33 41 1246262060
3 34 1246261580
33 45 1246446080
33 46 1246435600
3 35 1246261700
33 53 1246436840
3 36 1246279160
33 63 1246436980
33 64 1246269300
33 65 1246443180
3 37 1246261800
33 73 1246442840
3 38 1246261800
33 84 1246442300
3 39 1246261960
3 40 1246262000
34 105 1246356120
34 110 1246449740
3 41 1246262020
3 4 1246257340
3 42 1246262080
3 43 1246279900
34 37 1246281300
34 38 1246381940
34 39 1246449320
34 41 1246288640
3 44 1246279900
34 45 1246263640
34 49 1246264360
34 51 1246460020
3 45 1246262180
34 52 1246466780
34 54 1246280280
34 56 1246274820
34 58 1246290480
34 61 1246279620
3 46 1246290460
34 65 1246296500
34 69 1246276120
34 70 1246280340
3 47 1246262220
34 72 1246280280
34 74 1246359020
34 78 1246270920
34 81 1246279780
3 48 1246295440
34 86 1246450440
34 90 1246284200
34 91 1246449520
3 49 1246262320
34 92 1246453720
34 95 1246466780
34 97 1246466800
34 99 1246352020
35 101 1246356120
35 102 1246443040
35 104 1246366500
35 105 1246466980
35 107 1246378420
35 108 1246381000
35 112 1246459420
3 5 1246259600
35 113 1246451000
3 52 1246262400
3 53 1246262460
35 39 1246267100
35 40 1246264200
35 41 1246267100
3 54 1246459200
35 42 1246359900
35 45 1246262460
35 47 1246352880
35 48 1246265280
35 49 1246269360
35 50 1246352080
35 51 1246356400
35 57 1246265180
35 58 1246267160
35 59 1246264040
3 56 1246262540
35 63 1246267240
35 64 1246267240
35 65 1246285660
35 67 1246286160
3 57 1246262620
35 72 1246362440
35 73 1246357020
35 74 1246363040
35 76 1246294780
35 77 1246451040
35 78 1246269400
35 79 1246443360
3 58 1246262900
35 83 1246277860
35 85 1246451920
35 87 1246437680
35 88 1246295640
35 90 1246352860
35 91 1246366560
3 59 1246263240
35 93 1246437220
3 60 1246263340
3 61 1246263560
3 6 1246259720
36 113 1246448600
3 62 1246263720
3 63 1246263740
36 37 1246351980
36 38 1246437360
36 40 1246352120
36 41 1246362380
3 64 1246449720
36 43 1246268980
36 51 1246438440
3 65 1246263880
36 53 1246352340
36 54 1246443020
36 55 1246278000
36 57 1246269500
36 59 1246277380
36 60 1246294080
3 66 1246274820
36 63 1246352080
36 64 1246352020
36 65 1246264240
3 67 1246264100
36 72 1246351960
36 73 1246351980
36 78 1246279080
36 81 1246279040
3 68 1246264160
36 88 1246365000
3 69 1246264340
36 92 1246437480
3 70 1246264640
37 100 1246442620
37 101 1246437780
37 104 1246373040
37 105 1246438660
37 106 1246442280
37 108 1246368620
3 71 1246264640
3 7 1246259820
3 72 1246264840
3 73 1246291700
37 39 1246352080
37 40 1246355900
37 41 1246280620
3 74 1246265960
37 44 1246453160
37 45 1246279280
3 75 1246280120
37 53 1246355900
37 55 1246360120
37 56 1246279000
37 57 1246267360
37 61 1246279680
3 76 1246272920
37 63 1246361200
37 65 1246466880
37 67 1246267300
37 68 1246360060
37 69 1246294920
37 71 1246359960
37 72 1246285940
37 74 1246379760
37 79 1246275380
37 81 1246278620
3 78 1246270560
37 83 1246378740
37 84 1246442300
37 85 1246360480
37 86 1246448120
37 87 1246360180
37 90 1246352860
37 91 1246466700
37 98 1246357360
3 81 1246292720
38 112 1246453420
3 8 1246259920
38 113 1246453420
3 82 1246273600
38 39 1246363540
3 84 1246274380
38 45 1246437440
38 48 1246262720
3 85 1246276460
38 53 1246273180
38 54 1246264020
38 55 1246463200
3 86 1246276800
38 63 1246429180
38 65 1246275380
38 71 1246277360
3 87 1246279240
38 72 1246378740
38 74 1246464000
38 75 1246274300
38 77 1246291380
3 88 1246280260
38 83 1246359080
38 84 1246293740
38 86 1246436900
38 87 1246352000
38 89 1246449240
3 89 1246280500
38 93 1246436820
3 90 1246375100
39 100 1246448000
39 105 1246466880
39 108 1246436840
39 110 1246466880
3 91 1246465780
3 9 1246260200
39 113 1246449880
3 93 1246442960
39 40 1246354560
3 94 1246372580
39 42 1246291260
39 43 1246267100
39 45 1246373160
39 46 1246437680
39 48 1246436840
39 50 1246466880
3 95 1246452740
39 52 1246466880
39 53 1246267160
39 54 1246343480
39 56 1246461660
39 59 1246269160
39 60 1246269960
39 65 1246280160
39 70 1246357100
3 97 1246452700
39 75 1246269980
39 77 1246466860
39 78 1246269420
39 79 1246436920
3 98 1246295480
39 84 1246436060
39 86 1246286380
39 88 1246290000
39 90 1246449260
39 91 1246343900
3 99 1246296140
39 93 1246442480
39 95 1246466880
40 102 1246449600
40 53 1246276600
40 55 1246263020
40 56 1246274780
40 57 1246372820
40 59 1246436800
40 71 1246436920
40 72 1246352900
40 75 1246436880
40 83 1246436820
40 87 1246285760
40 88 1246284940
40 92 1246436860
40 96 1246436900
4 10 1246260060
4 104 1246350880
4 105 1246465140
4 106 1246442320
4 107 1246437780
41 101 1246372060
41 102 1246351960
4 11 1246260060
4 12 1246260180
4 13 1246260200
4 14 1246260220
41 42 1246378440
41 43 1246267100
41 44 1246377520
41 45 1246295460
41 46 1246355900
41 49 1246352280
4 15 1246437780
41 53 1246366740
41 59 1246362260
4 16 1246260380
41 67 1246286880
41 69 1246295440
4 17 1246262860
41 72 1246285940
41 74 1246355920
41 81 1246286700
4 18 1246260580
41 83 1246378520
41 87 1246289500
41 90 1246352580
4 19 1246285640
41 99 1246352280
4 20 1246260680
42 100 1246465820
42 101 1246378920
42 102 1246442640
42 106 1246378580
42 107 1246431460
4 21 1246260680
42 113 1246465260
4 22 1246260720
4 23 1246260820
4 24 1246260920
42 43 1246262100
42 45 1246352040
42 49 1246276840
42 50 1246343300
42 51 1246352560
4 25 1246260980
42 53 1246443540
42 54 1246270440
42 58 1246268960
42 59 1246352040
4 26 1246261080
42 64 1246378000
42 65 1246285580
42 67 1246343640
42 69 1246359600
42 70 1246267200
4 27 1246261100
42 72 1246280280
42 76 1246277580
42 79 1246377320
42 80 1246429100
4 28 1246261180
42 85 1246377300
42 90 1246294760
4 29 1246261220
42 95 1246429120
42 97 1246441880
42 99 1246443280
4 30 1246261300
43 105 1246458680
4 31 1246261440
4 32 1246261500
4 33 1246261540
4 34 1246261580
43 44 1246262180
43 45 1246262220
43 46 1246436840
43 48 1246264400
4 35 1246261660
43 56 1246437340
4 36 1246261660
43 63 1246437280
43 64 1246264000
43 65 1246267160
43 66 1246264400
43 69 1246267120
43 71 1246285320
4 37 1246261800
43 72 1246378600
43 75 1246279020
43 78 1246285360
4 38 1246261800
43 83 1246361820
43 84 1246449240
43 85 1246379880
43 88 1246359120
43 89 1246449240
4 39 1246261940
43 93 1246286620
43 95 1246290360
43 96 1246290440
43 97 1246290500
4 40 1246261980
44 101 1246356600
44 110 1246364880
4 41 1246262020
4 42 1246262120
4 43 1246264200
4 44 1246262140
44 45 1246262220
44 46 1246382960
44 47 1246268740
44 49 1246269400
4 45 1246262200
44 54 1246438540
44 58 1246383620
44 60 1246286920
4 46 1246262200
44 64 1246437940
44 65 1246290440
44 69 1246269700
44 71 1246361080
4 47 1246268780
44 72 1246437440
44 74 1246363240
44 75 1246269800
44 78 1246279080
44 80 1246269520
4 48 1246262240
44 88 1246280260
44 89 1246438020
44 90 1246281960
4 49 1246262300
44 92 1246284160
44 93 1246359260
44 94 1246287060
44 99 1246352440
4 50 1246262360
45 101 1246351960
4 51 1246262400
4 52 1246262420
4 53 1246262460
4 54 1246262480
45 46 1246262220
45 48 1246363600
45 49 1246274760
45 52 1246359400
45 53 1246352520
45 56 1246442460
45 57 1246344340
45 58 1246442300
4 56 1246262540
45 62 1246363500
45 63 1246437840
45 65 1246352520
45 69 1246264400
45 71 1246360700
4 57 1246277560
45 72 1246449260
45 75 1246267140
45 77 1246296660
45 78 1246269100
45 83 1246361660
45 85 1246379880
45 89 1246449260
45 90 1246296480
45 91 1246442320
45 93 1246442480
45 96 1246449520
45 97 1246352040
45 99 1246352420
46 100 1246352720
46 101 1246359300
46 102 1246430700
46 106 1246362020
46 107 1246357000
46 109 1246357280
46 112 1246443100
4 6 1246259720
4 62 1246264460
4 63 1246285660
46 48 1246291400
46 49 1246361360
46 50 1246382580
4 65 1246285680
46 53 1246355880
46 54 1246275420
46 55 1246360120
46 56 1246431360
46 57 1246352980
4 66 1246264020
46 63 1246358520
46 64 1246360620
46 65 1246277860
46 67 1246268980
46 69 1246274240
46 70 1246290440
46 71 1246269100
4 67 1246264080
46 72 1246437820
46 73 1246356980
46 74 1246360600
46 75 1246431080
46 77 1246285340
46 78 1246269620
46 79 1246270040
46 84 1246275000
46 86 1246437640
46 87 1246293820
46 88 1246288340
46 89 1246383100
46 90 1246352740
4 69 1246285700
46 92 1246356880
46 96 1246357300
4 71 1246437780
4 7 1246259760
47 113 1246443100
4 72 1246372700
4 73 1246346660
47 48 1246275300
4 75 1246279440
4 76 1246279440
47 62 1246275760
47 63 1246294520
47 64 1246437940
47 65 1246285840
47 66 1246276160
47 77 1246376200
47 78 1246275840
47 82 1246275760
47 90 1246438100
48 100 1246357060
48 101 1246359400
48 103 1246361260
48 104 1246373020
48 108 1246442260
4 81 1246269900
4 8 1246259920
48 113 1246446580
4 82 1246275140
48 55 1246360020
48 56 1246442260
48 57 1246289240
4 86 1246437440
48 62 1246270260
48 64 1246437000
48 65 1246274660
48 66 1246264220
48 67 1246359100
48 68 1246378680
48 71 1246359240
48 74 1246296080
48 76 1246295580
48 83 1246353060
48 85 1246437400
48 86 1246437400
48 89 1246359340
48 92 1246345040
48 98 1246295580
4 90 1246356700
49 101 1246378900
49 105 1246378500
49 106 1246381920
49 108 1246357060
4 91 1246465780
4 9 1246269240
4 92 1246356920
4 93 1246293300
49 53 1246352660
49 60 1246264060
49 63 1246266240
49 64 1246264060
49 65 1246381040
49 68 1246378820
49 69 1246380740
49 70 1246352860
4 97 1246356100
49 72 1246352880
49 73 1246275080
49 74 1246361280
49 76 1246277580
49 77 1246352800
4 98 1246351500
49 84 1246274800
49 85 1246276880
49 86 1246276920
49 87 1246346680
4 99 1246343480
49 99 1246352220
50 106 1246360200
50 110 1246466880
50 51 1246352920
50 52 1246262480
50 63 1246458900
50 64 1246362080
50 74 1246293000
50 77 1246466880
50 90 1246405860
50 91 1246295980
50 95 1246465160
5 10 1246268720
5 113 1246455240
51 52 1246267540
51 57 1246434020
51 58 1246275700
5 16 1246263140
51 78 1246275180
5 19 1246269500
51 95 1246363480
52 101 1246437740
52 105 1246466940
52 110 1246466720
5 23 1246276060
52 57 1246433840
52 65 1246362340
52 72 1246359080
52 74 1246343740
52 77 1246466880
52 78 1246269420
52 80 1246343540
5 28 1246263140
52 83 1246361160
52 86 1246437700
52 90 1246363220
52 91 1246295980
52 93 1246438340
52 95 1246295540
52 96 1246465140
52 97 1246452940
53 101 1246352660
53 102 1246359460
53 104 1246359040
53 105 1246361940
53 106 1246363620
53 110 1246362020
53 54 1246372240
53 55 1246262520
53 56 1246342880
53 58 1246357000
53 59 1246359320
53 63 1246437000
53 64 1246437380
53 65 1246352400
53 66 1246352380
53 69 1246359320
53 71 1246267120
53 72 1246437120
53 74 1246372000
53 75 1246378600
53 76 1246373060
53 83 1246372060
53 87 1246363040
53 91 1246352280
5 39 1246449260
53 92 1246354400
53 93 1246352240
53 97 1246352320
53 99 1246442840
5 40 1246263140
54 101 1246356040
5 42 1246449260
54 55 1246372260
54 57 1246265260
54 63 1246343620
54 64 1246438320
54 65 1246269080
54 66 1246345240
54 68 1246264600
54 69 1246352880
54 70 1246359020
54 71 1246357000
54 72 1246275460
54 74 1246363680
54 75 1246284520
54 77 1246285340
54 79 1246269000
5 48 1246449300
54 84 1246361160
54 87 1246284180
54 90 1246449240
54 92 1246356140
54 93 1246361300
54 96 1246357060
54 99 1246442360
55 101 1246360080
55 113 1246449880
5 54 1246449700
5 55 1246269460
55 56 1246359320
55 59 1246373040
55 60 1246286040
5 56 1246451680
55 63 1246359720
55 65 1246264240
55 67 1246279100
55 70 1246362620
55 71 1246351960
55 72 1246359760
55 74 1246371860
55 75 1246378600
55 76 1246279300
55 77 1246443560
55 78 1246269220
55 83 1246274600
55 87 1246279300
55 92 1246436840
56 105 1246361620
56 113 1246443700
56 57 1246344120
56 63 1246450300
56 64 1246442580
56 66 1246442280
56 74 1246443000
56 77 1246355960
56 79 1246269840
56 85 1246442280
56 87 1246344440
56 91 1246355940
56 93 1246442720
57 100 1246352800
57 101 1246362360
57 106 1246373080
5 71 1246356880
5 72 1246269780
5 73 1246449240
57 58 1246287740
57 62 1246356200
57 63 1246352100
57 64 1246373240
57 65 1246295780
57 67 1246359040
57 70 1246264920
57 71 1246267220
57 72 1246293280
57 74 1246363040
57 75 1246437980
57 78 1246277200
57 79 1246377280
57 80 1246352860
5 78 1246278880
57 85 1246437960
57 87 1246285980
57 88 1246372180
57 90 1246353000
57 92 1246351980
57 93 1246356180
57 96 1246356380
58 101 1246352920
58 106 1246380500
58 60 1246286840
58 63 1246361460
58 64 1246363940
58 65 1246442340
58 66 1246438000
58 70 1246267160
58 72 1246359640
58 73 1246438240
58 74 1246359440
58 78 1246269420
58 81 1246286100
58 88 1246382880
58 89 1246363640
58 90 1246286620
58 92 1246352320
58 93 1246286740
58 94 1246292160
58 95 1246459700
59 108 1246357200
59 63 1246359020
59 65 1246360340
59 72 1246371780
59 79 1246433680
60 65 1246274720
60 69 1246291920
60 76 1246293180
60 78 1246292380
60 91 1246292020
60 94 1246292920
6 100 1246352980
6 101 1246352700
6 10 1246277080
6 102 1246351960
6 106 1246458720
6 107 1246356680
6 11 1246431360
6 113 1246449880
6 12 1246260740
6 13 1246269580
6 14 1246260840
6 15 1246293840
6 16 1246277020
61 67 1246279680
61 68 1246354700
6 17 1246297600
61 81 1246285920
61 90 1246295860
61 91 1246295900
6 20 1246287520
62 102 1246356180
6 22 1246292460
6 23 1246261360
6 24 1246293460
6 25 1246438060
62 66 1246275920
62 69 1246270660
62 78 1246269900
62 83 1246362100
62 87 1246286000
6 29 1246343860
62 92 1246363000
6 30 1246276780
63 100 1246442400
63 102 1246437700
63 104 1246373420
63 105 1246463100
63 106 1246379700
63 107 1246368000
63 110 1246378840
6 31 1246293960
63 113 1246449360
6 33 1246274540
6 34 1246353000
6 35 1246275240
63 64 1246263840
63 65 1246293520
63 69 1246352320
63 70 1246459580
6 37 1246265460
63 72 1246353240
63 73 1246360580
63 74 1246292640
63 76 1246378400
63 77 1246437400
63 79 1246459900
63 83 1246291660
63 85 1246384800
63 86 1246437700
63 87 1246366460
63 88 1246357160
63 89 1246449240
63 90 1246352920
63 91 1246292400
63 92 1246359040
63 93 1246437280
63 95 1246431740
63 99 1246372560
6 40 1246437300
64 108 1246443560
64 113 1246449360
6 45 1246276320
6 46 1246268980
64 65 1246294720
6 47 1246298360
64 72 1246296220
64 74 1246293620
64 78 1246269440
64 85 1246438060
64 87 1246362480
64 88 1246453420
64 89 1246447260
6 49 1246265740
64 93 1246442880
65 100 1246443900
65 101 1246437900
65 102 1246346160
65 106 1246381120
65 107 1246356420
65 112 1246458860
65 113 1246451520
6 53 1246286120
6 54 1246361260
6 56 1246279220
65 66 1246362640
65 69 1246381060
65 71 1246275140
6 57 1246276940
65 72 1246292900
65 73 1246443160
65 74 1246294260
65 75 1246352840
65 76 1246378160
65 77 1246352440
65 78 1246269440
65 79 1246372420
65 80 1246356440
6 58 1246269980
65 83 1246274760
65 84 1246443580
65 85 1246347320
65 87 1246352860
65 89 1246379840
65 90 1246453400
65 91 1246465740
65 93 1246437100
65 95 1246442340
65 96 1246362660
65 97 1246465160
65 98 1246352540
65 99 1246352500
66 110 1246465140
6 63 1246286200
6 64 1246276620
6 65 1246274420
66 69 1246270440
66 77 1246443100
66 78 1246269820
6 68 1246357060
66 82 1246275960
66 83 1246362020
66 88 1246452060
66 90 1246295820
66 91 1246466900
6 69 1246287680
66 93 1246293680
66 95 1246352880
66 98 1246446280
6 70 1246364000
67 100 1246360300
67 101 1246359380
67 107 1246379780
6 71 1246267220
6 7 1246259840
6 73 1246277080
6 74 1246293080
6 75 1246371600
6 76 1246275600
67 70 1246295640
67 71 1246356940
6 77 1246285400
67 77 1246352620
6 78 1246270100
67 87 1246359480
67 89 1246360140
67 90 1246352520
67 94 1246381440
67 95 1246363420
68 108 1246360880
6 81 1246292740
6 8 1246261580
6 82 1246277460
6 83 1246356660
6 85 1246276940
6 86 1246276860
68 71 1246360000
6 87 1246293780
68 72 1246378500
68 76 1246357060
6 88 1246293660
68 90 1246356320
6 89 1246296640
6 90 1246287040
69 100 1246351960
69 101 1246344140
69 106 1246381960
69 107 1246378120
69 109 1246430500
69 110 1246378840
6 91 1246352500
6 93 1246287680
6 96 1246295160
69 72 1246352420
69 73 1246380800
69 75 1246352540
69 78 1246271020
69 81 1246275460
69 82 1246274020
69 83 1246293460
69 84 1246292200
69 85 1246380740
69 86 1246436920
69 88 1246293340
69 89 1246285200
69 90 1246372940
69 92 1246434120
69 93 1246437200
69 95 1246293760
69 96 1246291900
69 97 1246352340
69 99 1246352420
70 100 1246352480
70 113 1246443780
70 72 1246280240
70 74 1246280660
70 90 1246352860
70 91 1246296420
70 92 1246362660
70 93 1246293940
70 94 1246292540
71 100 1246356600
71 101 1246359060
71 113 1246465300
7 113 1246450440
7 12 1246276500
7 13 1246262240
71 72 1246286120
71 75 1246436920
71 79 1246274440
71 80 1246270120
7 18 1246274180
71 83 1246279920
71 84 1246274460
71 85 1246361100
71 86 1246437680
71 89 1246379860
7 19 1246356020
71 95 1246442360
72 101 1246437800
72 105 1246359060
72 106 1246360240
72 108 1246360820
72 73 1246291320
72 74 1246447220
72 75 1246291800
72 78 1246268840
72 79 1246285960
72 85 1246437400
72 86 1246437800
72 88 1246465260
72 95 1246360040
7 30 1246292720
73 101 1246352020
73 103 1246377260
7 33 1246269020
7 34 1246261800
73 76 1246435860
73 77 1246437260
7 38 1246352000
73 84 1246286820
73 85 1246380740
73 86 1246277520
73 90 1246352860
7 39 1246442280
73 92 1246356740
7 40 1246372040
74 100 1246297020
74 101 1246355940
74 105 1246466820
74 107 1246361700
74 109 1246442400
74 110 1246466820
7 41 1246343000
7 42 1246377320
7 43 1246267140
7 45 1246356100
74 76 1246297620
74 77 1246276160
74 78 1246275840
74 80 1246356060
74 83 1246346720
74 84 1246291480
74 86 1246458660
74 88 1246359360
74 90 1246291940
74 91 1246447240
74 95 1246294360
74 96 1246293980
75 100 1246442280
75 101 1246437960
75 106 1246353780
7 53 1246263020
7 54 1246458660
7 55 1246263020
7 56 1246352080
7 57 1246352980
7 58 1246267100
75 84 1246289180
75 88 1246280280
75 98 1246373140
76 101 1246359060
76 107 1246363520
7 63 1246351980
7 66 1246442760
76 78 1246271240
76 83 1246275000
76 90 1246363720
76 93 1246356500
76 96 1246293720
76 97 1246430400
7 70 1246356260
77 105 1246466880
77 106 1246450060
77 110 1246466880
77 112 1246466580
7 75 1246375920
7 77 1246442920
77 78 1246277260
77 79 1246463720
77 85 1246449320
77 86 1246444360
77 90 1246352600
77 91 1246355920
77 93 1246356920
77 96 1246357060
7 8 1246267240
78 113 1246451360
7 85 1246437860
78 81 1246271000
78 82 1246273960
78 86 1246285560
78 89 1246281380
7 89 1246352180
7 90 1246353500
79 102 1246372040
79 113 1246465300
7 98 1246442620
79 83 1246369400
79 85 1246437740
79 98 1246377260
80 105 1246355940
80 107 1246356440
80 90 1246352800
80 95 1246428740
8 101 1246449500
8 10 1246261440
8 102 1246438080
8 113 1246446700
8 12 1246261360
8 13 1246261660
8 14 1246286860
8 17 1246262300
8 18 1246260760
8 19 1246262040
8 21 1246285580
8 22 1246263680
8 24 1246262020
8 25 1246263960
8 26 1246277320
8 27 1246264000
83 101 1246352300
8 31 1246262300
8 32 1246262000
8 35 1246263360
8 37 1246293840
83 86 1246437780
83 87 1246352940
83 88 1246285360
83 90 1246458920
8 39 1246267220
84 106 1246380680
8 41 1246296020
84 113 1246451760
8 43 1246262960
8 44 1246437460
8 45 1246262280
8 46 1246262300
8 47 1246275320
8 48 1246263460
84 85 1246381180
84 86 1246436860
84 87 1246380700
8 49 1246270280
84 92 1246293460
84 96 1246380940
84 97 1246441200
85 100 1246356520
85 101 1246359620
85 102 1246442140
85 103 1246373440
85 108 1246442820
85 113 1246452340
8 52 1246449520
8 54 1246262600
8 55 1246262960
8 57 1246265340
85 86 1246449680
85 87 1246360440
85 92 1246437360
8 60 1246263440
86 101 1246437640
86 106 1246452920
86 109 1246432700
86 112 1246458780
86 113 1246459580
8 62 1246264440
8 63 1246458540
8 64 1246264060
8 65 1246267220
8 66 1246264160
86 87 1246437440
86 89 1246285520
8 69 1246268980
86 95 1246437500
86 99 1246438000
8 70 1246264900
87 101 1246382500
87 102 1246351980
87 103 1246359760
87 104 1246352000
87 106 1246362040
87 107 1246359040
87 110 1246361180
8 71 1246264860
87 113 1246443200
8 72 1246264980
8 74 1246276000
8 78 1246269300
87 88 1246359040
87 89 1246378100
87 90 1246352860
87 91 1246348460
87 93 1246359960
87 94 1246382520
87 96 1246359420
88 101 1246352380
8 82 1246273680
8 86 1246437540
8 88 1246453380
8 89 1246466860
89 100 1246360540
89 106 1246361800
8 91 1246443200
8 9 1246275300
89 113 1246451380
89 91 1246449260
89 94 1246293280
89 97 1246465440
90 101 1246356580
90 104 1246365740
90 105 1246373040
90 113 1246449600
90 91 1246281960
90 92 1246447260
90 93 1246366160
90 95 1246458780
90 96 1246356360
90 97 1246352600
90 99 1246352500
9 101 1246437620
91 103 1246373420
91 104 1246365820
91 105 1246467040
9 113 1246443100
9 12 1246260200
9 13 1246262240
9 14 1246260800
9 18 1246274300
9 19 1246274340
91 92 1246343840
91 95 1246459200
91 96 1246459580
91 97 1246465180
91 99 1246352140
9 20 1246465180
92 106 1246374620
9 26 1246276300
9 28 1246275100
92 97 1246356560
9 30 1246261400
93 102 1246352440
93 108 1246364980
93 109 1246441600
9 35 1246262340
93 95 1246352240
9 46 1246262380
9 47 1246263040
9 48 1246275300
94 96 1246380500
95 100 1246362300
95 105 1246360480
95 96 1246294880
95 97 1246356920
96 101 1246359060
96 108 1246443600
9 62 1246275660
9 65 1246437920
96 97 1246291740
9 70 1246280380
97 101 1246352340
97 105 1246356100
9 76 1246273660
9 78 1246271340
97 99 1246352500
98 102 1246357120
9 81 1246269880
98 113 1246452580
9 82 1246273600
9 83 1246274320
9 84 1246274400
9 86 1246437640
9 90 1246438120
99 101 1246373240
