100 101 1247658439
100 102 1247658579
100 103 1247658159
100 104 1247657899
100 105 1247657979
100 106 1247658059
100 108 1247659279
100 109 1247659619
100 110 1247658359
100 111 1247659539
100 116 1247658379
100 120 1247659859
100 122 1247659319
100 133 1247659379
100 134 1247659439
101 102 1247657539
101 103 1247660019
101 105 1247657939
101 109 1247659739
101 110 1247658839
10 11 1247652459
101 113 1247659659
10 12 1247652459
10 13 1247652779
10 14 1247654439
10 15 1247653919
10 16 1247652659
102 103 1247658979
102 105 1247658219
102 106 1247658979
102 107 1247658839
102 108 1247657639
102 110 1247658359
102 133 1247659859
10 23 1247653359
10 26 1247654939
103 104 1247657599
103 105 1247657579
103 106 1247659759
103 107 1247657579
103 108 1247659139
103 109 1247657939
103 110 1247659779
103 111 1247657939
103 113 1247659459
103 122 1247659359
103 123 1247659719
103 128 1247659139
104 105 1247657859
104 106 1247659799
104 107 1247658419
104 109 1247658439
104 110 1247657639
104 122 1247659599
104 145 1247659719
105 106 1247659779
105 109 1247659839
105 110 1247657639
105 113 1247659339
105 122 1247659299
105 147 1247659779
106 107 1247658679
106 109 1247657699
106 110 1247658359
106 116 1247658779
107 108 1247657579
107 109 1247657999
107 110 1247659119
107 136 1247658699
108 109 1247658379
108 111 1247659679
108 122 1247659579
108 124 1247659299
109 110 1247658059
109 111 1247657639
109 120 1247659459
109 122 1247659579
109 133 1247659579
110 131 1247659299
110 140 1247659939
111 112 1247659259
11 12 1247652579
11 13 1247652479
11 14 1247653139
11 15 1247652499
11 16 1247652519
112 113 1247658319
112 114 1247658319
112 115 1247658319
112 120 1247658599
112 122 1247659479
112 124 1247658659
112 125 1247660979
112 129 1247658659
112 130 1247660299
112 132 1247662039
112 140 1247660259
112 167 1247661899
112 168 1247661779
112 171 1247661039
112 172 1247661439
112 177 1247663779
112 187 1247662259
112 188 1247662119
112 190 1247661779
11 23 1247653679
11 26 1247655139
113 114 1247658319
113 115 1247658319
113 120 1247658599
113 122 1247659479
113 124 1247658659
113 125 1247660959
113 132 1247661939
113 133 1247659519
113 134 1247661059
113 168 1247661779
113 169 1247663399
113 171 1247661259
113 172 1247661339
113 175 1247663259
113 187 1247662259
113 188 1247662099
11 32 1247654759
114 115 1247658319
114 146 1247660459
11 48 1247655039
115 127 1247661099
115 132 1247662059
115 136 1247658859
115 146 1247660399
115 171 1247661059
115 177 1247663779
115 183 1247663399
115 188 1247662079
115 190 1247661959
116 121 1247658799
116 129 1247659079
116 136 1247658879
116 138 1247659259
117 118 1247658439
117 121 1247658879
117 122 1247658679
117 124 1247658759
117 126 1247659439
117 127 1247659439
117 131 1247658619
117 132 1247658619
117 147 1247662619
117 148 1247661979
117 164 1247662179
117 168 1247661799
117 169 1247662439
117 171 1247662159
117 178 1247661879
117 182 1247662359
117 187 1247661679
117 188 1247662679
117 214 1247663759
117 226 1247663879
117 233 1247663859
118 120 1247658799
118 121 1247660139
118 122 1247659679
118 123 1247659799
118 124 1247658619
118 125 1247658639
118 126 1247658699
118 127 1247658799
118 128 1247659119
118 129 1247658699
118 130 1247658659
118 132 1247661079
118 133 1247659579
118 134 1247659679
118 136 1247658979
118 144 1247660799
118 146 1247660699
120 121 1247658599
120 122 1247658719
120 123 1247658659
120 124 1247659319
120 125 1247659119
120 126 1247658779
120 127 1247658799
120 128 1247660439
120 129 1247658819
120 130 1247658719
120 133 1247658979
120 134 1247659779
120 140 1247660259
120 141 1247660279
120 163 1247660019
120 166 1247660259
120 168 1247661119
121 122 1247660799
121 123 1247658639
121 124 1247658759
1 2 1247652139
121 125 1247658939
121 127 1247659519
121 129 1247660139
121 130 1247658919
121 131 1247659499
121 132 1247659439
121 134 1247658819
121 140 1247659859
121 142 1247659839
121 144 1247660739
121 145 1247659779
12 13 1247652699
12 14 1247652499
12 16 1247652679
12 17 1247653359
12 20 1247653299
122 123 1247658599
122 124 1247659259
122 125 1247659739
122 126 1247658779
122 127 1247658779
122 128 1247658619
122 129 1247658619
122 130 1247658619
122 131 1247658859
122 132 1247658839
122 133 1247658799
122 134 1247658999
122 144 1247659959
122 156 1247660799
122 161 1247660779
122 168 1247660819
12 23 1247653379
12 26 1247655139
123 124 1247658619
123 125 1247659799
123 126 1247658599
123 127 1247659479
123 128 1247659339
123 129 1247659679
123 131 1247659479
123 132 1247659439
123 134 1247660779
123 140 1247659859
123 146 1247660779
123 160 1247660379
12 36 1247654899
124 125 1247658599
124 126 1247659319
124 127 1247658619
124 129 1247658719
124 130 1247658919
124 131 1247658779
124 132 1247658779
124 133 1247658939
124 144 1247660759
124 149 1247660359
125 126 1247660379
125 127 1247658659
125 128 1247659359
125 129 1247658819
125 130 1247658699
125 133 1247659879
125 144 1247659859
125 146 1247659959
125 214 1247662499
125 215 1247662499
126 127 1247658799
126 128 1247658739
126 129 1247658699
126 130 1247658639
126 131 1247659439
126 133 1247660079
126 134 1247660599
126 143 1247660719
126 146 1247660719
126 167 1247660859
127 128 1247659419
127 129 1247658719
127 130 1247658699
127 131 1247659459
127 132 1247658839
127 133 1247658959
128 129 1247658619
128 130 1247660419
128 133 1247659579
128 134 1247659699
128 136 1247659059
128 146 1247659939
129 130 1247660139
129 133 1247659619
129 134 1247659639
129 144 1247659959
129 146 1247659979
130 132 1247659039
130 134 1247659779
131 132 1247658619
13 14 1247652599
13 15 1247652499
13 16 1247652519
13 18 1247652919
132 133 1247659059
132 134 1247658679
132 135 1247658639
132 140 1247661899
132 168 1247661719
132 188 1247661639
132 189 1247662079
132 190 1247661479
132 222 1247663599
132 228 1247663979
132 230 1247663959
132 246 1247663579
13 23 1247653019
13 26 1247653919
133 134 1247658619
133 168 1247660819
13 35 1247654939
134 143 1247660719
134 171 1247661119
134 208 1247662399
13 49 1247655039
137 138 1247658819
137 144 1247660059
137 145 1247660679
137 166 1247660139
138 142 1247659999
138 144 1247659999
138 145 1247660679
138 146 1247660239
139 140 1247659379
139 141 1247659379
139 142 1247659399
139 145 1247660319
140 141 1247659379
140 142 1247659379
140 144 1247660019
140 145 1247659579
140 146 1247660019
140 187 1247661899
140 190 1247661899
141 142 1247659379
141 144 1247660019
141 166 1247660279
14 15 1247652639
14 16 1247652759
14 19 1247653959
142 143 1247660179
142 146 1247660019
142 147 1247660319
142 166 1247660259
14 23 1247653079
143 144 1247659759
143 146 1247659759
143 168 1247660859
144 146 1247659759
144 147 1247660339
144 168 1247660859
145 146 1247660099
146 147 1247660339
146 165 1247660679
147 161 1247660399
147 192 1247663259
147 215 1247663179
147 218 1247663199
147 222 1247662639
147 225 1247663739
147 235 1247663739
148 149 1247659859
148 150 1247660119
148 151 1247660379
148 152 1247659879
148 153 1247659879
148 154 1247659879
148 155 1247659959
148 156 1247660399
148 157 1247660759
148 158 1247660859
148 159 1247662079
148 160 1247661099
148 161 1247662079
148 162 1247660019
148 164 1247661119
148 165 1247661179
148 169 1247662599
148 170 1247662939
148 171 1247661699
148 173 1247661959
148 174 1247662779
148 175 1247661959
148 177 1247662719
148 178 1247662739
148 179 1247662899
148 181 1247663099
148 182 1247662839
148 183 1247662759
148 188 1247662419
148 219 1247662839
149 150 1247660519
149 151 1247660859
149 152 1247660299
149 153 1247660019
149 154 1247659879
149 155 1247659879
149 156 1247659879
149 157 1247660039
149 158 1247660119
149 160 1247660919
149 161 1247660519
149 164 1247660559
149 165 1247660379
149 166 1247661379
149 167 1247661219
149 171 1247661739
149 172 1247661739
1 50 1247658319
150 151 1247659879
150 152 1247661199
150 153 1247660939
150 154 1247660119
150 155 1247660879
150 156 1247660859
150 158 1247660899
150 159 1247659899
150 160 1247660379
150 161 1247660419
150 164 1247660139
1 51 1247658359
1 5 1247652499
151 152 1247660899
151 154 1247660259
151 155 1247661439
151 157 1247660139
151 160 1247661179
151 161 1247660239
151 165 1247660079
151 177 1247662699
151 183 1247662739
151 204 1247662819
15 16 1247652499
152 153 1247659879
152 154 1247659879
152 155 1247659919
152 156 1247660039
152 157 1247660379
152 158 1247660319
152 159 1247660219
152 160 1247661239
152 161 1247660139
152 162 1247660059
152 164 1247661099
152 165 1247660179
153 154 1247659879
153 155 1247660439
153 156 1247660059
153 158 1247659919
153 159 1247660159
153 160 1247659919
153 161 1247660359
153 162 1247660379
153 164 1247662259
153 165 1247660419
153 177 1247662079
153 181 1247662099
154 155 1247659899
154 156 1247659899
154 157 1247660819
154 158 1247659919
154 159 1247660559
154 160 1247659979
154 161 1247660179
154 162 1247660159
154 164 1247661119
154 165 1247660199
154 169 1247662919
154 175 1247662919
154 177 1247662679
154 179 1247662939
154 183 1247663039
154 193 1247661899
155 156 1247659919
155 157 1247661159
155 158 1247661199
155 159 1247660659
155 160 1247661199
155 161 1247660899
155 162 1247659979
155 165 1247660519
155 181 1247662199
156 158 1247662119
156 159 1247660159
156 160 1247659899
156 161 1247659899
156 162 1247661239
156 164 1247660839
156 165 1247660859
156 177 1247662859
156 179 1247662819
156 181 1247662179
156 183 1247662819
156 219 1247662899
156 224 1247663079
157 158 1247659879
157 159 1247660679
157 160 1247661719
157 161 1247660139
157 162 1247661339
157 165 1247661679
157 169 1247662739
157 170 1247662719
157 173 1247662679
157 174 1247662799
157 199 1247662819
158 159 1247661859
158 160 1247659919
158 161 1247659919
158 162 1247662259
158 164 1247660059
158 165 1247660379
158 181 1247662179
159 160 1247659899
159 161 1247660239
159 162 1247660399
159 164 1247660099
160 161 1247659899
160 162 1247660059
160 164 1247660079
160 181 1247662179
1 6 1247652479
161 162 1247660019
161 163 1247662419
161 164 1247660059
161 165 1247660919
161 169 1247662559
161 173 1247662539
161 174 1247662799
161 175 1247662599
161 178 1247662759
161 181 1247662099
161 183 1247662519
161 188 1247662379
161 192 1247662559
161 212 1247662619
161 214 1247662719
161 215 1247662719
161 218 1247662759
16 17 1247653359
16 19 1247653479
162 164 1247660879
162 165 1247660119
162 181 1247662179
16 23 1247653359
163 176 1247662799
163 191 1247661759
163 192 1247661779
163 193 1247661779
163 194 1247661799
163 198 1247662879
163 199 1247664019
163 202 1247662899
163 206 1247664039
163 215 1247663159
163 244 1247663999
163 247 1247665019
16 33 1247654899
16 35 1247654899
16 36 1247654899
164 165 1247660079
164 166 1247661559
164 174 1247661219
164 178 1247661239
164 181 1247662239
164 182 1247661219
164 183 1247661239
164 184 1247661239
165 171 1247662799
165 173 1247662599
165 174 1247662559
165 177 1247662559
165 181 1247662399
165 183 1247662559
165 207 1247662819
165 219 1247662819
166 174 1247661999
166 188 1247662759
166 190 1247662259
166 207 1247665479
166 255 1247665319
167 168 1247660579
167 172 1247661559
167 187 1247661839
167 190 1247661819
168 187 1247661699
168 190 1247661739
169 170 1247660919
169 171 1247660919
169 172 1247663219
169 173 1247661299
169 174 1247661259
169 175 1247661279
169 176 1247662899
169 177 1247662679
169 179 1247661459
169 180 1247663379
169 181 1247661139
169 182 1247661499
169 183 1247661339
169 184 1247661539
169 185 1247661179
170 171 1247660919
170 173 1247661499
170 174 1247662799
170 175 1247661119
170 176 1247661119
170 177 1247661119
170 178 1247661639
170 179 1247661579
170 180 1247663399
170 181 1247661799
170 182 1247661639
170 183 1247661339
171 172 1247660999
171 173 1247661979
171 174 1247663179
171 175 1247663279
171 177 1247661139
171 179 1247663119
171 181 1247663199
171 184 1247663319
171 212 1247662759
171 214 1247662839
171 218 1247662839
171 223 1247663459
171 224 1247662939
171 228 1247663919
171 233 1247663579
171 238 1247663599
17 18 1247652659
17 19 1247652659
17 20 1247652659
172 173 1247661399
172 175 1247663279
172 177 1247663139
172 203 1247662179
172 215 1247662839
172 233 1247663579
17 23 1247653479
173 174 1247661119
173 175 1247661499
173 176 1247661159
173 177 1247661259
173 178 1247661599
173 179 1247661319
173 181 1247661479
173 182 1247661559
173 183 1247661839
173 184 1247661659
173 185 1247662179
173 235 1247663419
174 175 1247661599
174 176 1247661639
174 177 1247661459
174 178 1247662959
174 179 1247661219
174 181 1247661139
174 182 1247661199
174 183 1247661459
174 184 1247661339
174 185 1247662179
174 224 1247663059
175 176 1247661159
175 177 1247661339
175 178 1247661899
175 179 1247663399
175 181 1247661399
175 183 1247661399
175 184 1247661259
175 206 1247662819
175 219 1247662819
176 177 1247661119
176 178 1247661379
176 179 1247661599
176 180 1247661259
176 181 1247661379
176 182 1247661619
176 183 1247661619
176 184 1247663379
176 193 1247662799
176 219 1247662839
177 178 1247661379
177 179 1247661259
177 181 1247661539
177 182 1247661539
177 183 1247661219
177 184 1247661259
178 179 1247661119
178 180 1247661459
178 181 1247661139
178 183 1247662539
178 184 1247661199
178 185 1247661199
179 180 1247661119
179 181 1247661219
179 182 1247661459
179 183 1247661139
179 185 1247661179
179 232 1247665679
179 251 1247664519
179 253 1247664899
179 254 1247664819
179 255 1247665679
180 181 1247661339
180 183 1247662079
180 184 1247661199
180 206 1247662859
181 182 1247661139
181 183 1247661439
181 184 1247661399
181 185 1247661639
181 187 1247662159
181 198 1247662519
181 199 1247662839
181 200 1247662519
181 202 1247662519
181 207 1247662839
181 208 1247662739
18 19 1247652699
18 20 1247652659
182 183 1247661239
182 206 1247662859
183 184 1247661159
183 211 1247662719
183 219 1247662899
186 187 1247661199
187 190 1247661819
187 243 1247663539
187 245 1247663539
188 189 1247661319
188 190 1247661599
188 214 1247663239
188 215 1247662919
188 222 1247662759
188 230 1247667239
188 259 1247667779
188 264 1247666599
188 265 1247667779
188 270 1247667159
188 271 1247666939
188 272 1247666359
188 283 1247667439
188 284 1247667419
188 286 1247667139
188 287 1247667599
188 298 1247667599
188 300 1247667459
188 308 1247667819
188 309 1247667819
190 228 1247663979
190 242 1247663799
191 192 1247661779
191 193 1247661919
191 194 1247661799
191 215 1247664159
191 217 1247663099
19 20 1247652759
192 193 1247661819
192 194 1247661879
192 202 1247663979
192 212 1247664079
192 213 1247664019
192 217 1247663099
192 247 1247665019
192 252 1247664999
192 259 1247667779
193 194 1247661819
193 198 1247663539
193 199 1247663679
193 201 1247664039
193 202 1247664019
193 214 1247662899
193 244 1247663999
193 312 1247667799
19 38 1247658139
194 200 1247665099
194 204 1247663839
194 207 1247662879
19 42 1247658159
194 219 1247663819
194 244 1247663899
194 247 1247666219
195 196 1247662159
195 197 1247662159
195 198 1247662899
195 199 1247662199
195 200 1247662799
195 202 1247662739
195 204 1247662599
195 205 1247662419
195 206 1247662299
195 207 1247662479
195 210 1247663099
195 215 1247665219
195 216 1247662499
195 218 1247665239
195 219 1247663319
195 226 1247664019
195 229 1247664999
195 231 1247664019
195 235 1247665799
195 236 1247664039
195 237 1247664039
195 238 1247664779
195 241 1247665079
195 248 1247667479
195 257 1247665939
195 258 1247665999
195 259 1247665819
195 260 1247665939
195 261 1247667459
195 262 1247666559
195 263 1247665779
195 264 1247665959
195 265 1247665859
195 266 1247665899
195 267 1247666099
195 277 1247667199
195 278 1247667199
195 283 1247669759
195 287 1247669219
195 291 1247669399
195 292 1247667219
195 299 1247667219
195 323 1247669439
196 197 1247662859
196 198 1247662399
196 199 1247662399
196 200 1247662319
196 201 1247662319
196 202 1247662179
196 204 1247662299
196 205 1247662519
196 206 1247663439
196 207 1247662499
196 209 1247664319
196 215 1247665199
196 219 1247663319
196 227 1247665299
196 229 1247664999
196 231 1247664019
196 232 1247665319
196 236 1247664799
196 237 1247665319
196 239 1247664999
196 241 1247664719
197 198 1247662599
197 199 1247662639
197 200 1247662599
197 201 1247663459
197 202 1247664219
197 204 1247662639
197 205 1247662299
197 206 1247662319
197 207 1247663319
197 216 1247662639
197 219 1247663319
197 227 1247664859
197 229 1247665199
197 231 1247664719
197 232 1247664799
197 233 1247664839
197 235 1247664839
197 236 1247665219
197 238 1247665239
197 239 1247665019
197 240 1247664919
197 241 1247665239
197 248 1247665139
19 74 1247658179
19 75 1247658179
19 76 1247658179
19 77 1247658179
198 199 1247662179
198 200 1247662179
198 201 1247663819
198 202 1247662659
198 204 1247662559
198 205 1247662839
198 206 1247662599
198 207 1247662759
198 219 1247662579
198 222 1247663779
198 227 1247664859
198 231 1247664979
198 232 1247663979
198 236 1247664679
198 237 1247665179
198 238 1247664679
198 239 1247664839
198 240 1247664779
198 241 1247664019
198 248 1247665139
199 200 1247662179
199 201 1247662179
199 202 1247662259
199 204 1247662199
199 205 1247662599
199 206 1247662759
199 207 1247662599
199 218 1247665339
199 219 1247662579
199 227 1247665079
199 228 1247664199
199 229 1247665359
199 231 1247665299
199 235 1247665399
199 236 1247665299
199 237 1247663979
199 238 1247664999
199 239 1247664839
199 240 1247664779
199 255 1247665639
200 201 1247662419
200 202 1247662279
200 204 1247662199
200 205 1247662319
200 206 1247663099
200 207 1247664619
200 219 1247662719
200 231 1247663979
200 233 1247663999
200 240 1247664819
200 244 1247664039
201 202 1247662399
201 204 1247662399
201 206 1247663439
201 207 1247662559
201 219 1247663939
201 229 1247664959
201 235 1247663999
201 240 1247664919
201 241 1247664719
202 204 1247662199
202 205 1247662319
202 206 1247664619
202 207 1247663159
202 209 1247663999
202 211 1247664099
202 213 1247664319
202 215 1247662799
202 219 1247662639
202 232 1247664819
202 237 1247664019
202 238 1247665379
202 240 1247664759
204 205 1247662339
204 207 1247662579
204 219 1247662719
204 227 1247664919
204 228 1247664219
204 230 1247664199
204 231 1247664879
204 247 1247665259
205 206 1247662239
205 207 1247662319
205 209 1247662559
205 219 1247662579
205 239 1247663879
206 207 1247662459
206 210 1247664259
206 214 1247663819
206 215 1247662859
206 219 1247662639
206 231 1247665399
206 237 1247665019
206 238 1247664719
206 239 1247665019
206 240 1247663979
207 214 1247662699
207 219 1247662579
207 226 1247663999
207 231 1247664739
207 232 1247665419
207 233 1247664839
207 235 1247665139
207 238 1247664839
207 239 1247665379
207 241 1247665399
208 209 1247662419
208 210 1247662419
208 211 1247662419
208 212 1247662419
208 213 1247662499
208 214 1247663319
208 215 1247663539
208 218 1247662979
208 227 1247663939
208 242 1247663919
208 243 1247663919
209 210 1247662419
209 211 1247662419
209 212 1247662419
209 213 1247662479
209 227 1247663999
209 242 1247663919
209 243 1247664039
209 247 1247664819
209 250 1247664459
209 252 1247664819
210 211 1247662419
210 212 1247662419
210 213 1247662539
210 214 1247662979
210 218 1247662979
210 219 1247663999
210 229 1247663979
210 230 1247664239
210 242 1247664079
210 243 1247664059
210 247 1247664299
2 108 1247658219
211 212 1247662419
211 213 1247662519
211 215 1247663079
211 227 1247663939
211 242 1247664199
211 243 1247663879
21 22 1247652979
212 213 1247662539
212 231 1247663859
212 242 1247664079
212 243 1247664139
212 244 1247664019
213 219 1247664119
213 230 1247664239
213 242 1247664019
213 243 1247664159
214 215 1247662499
214 217 1247662519
214 218 1247662519
214 224 1247663219
215 217 1247662519
215 218 1247662519
215 219 1247665279
215 220 1247666439
215 244 1247664759
216 240 1247665619
216 257 1247665939
216 258 1247666119
216 259 1247666739
216 260 1247667899
216 261 1247667879
216 262 1247666259
216 264 1247665939
216 265 1247665919
216 281 1247669159
216 288 1247669719
217 218 1247662519
217 221 1247662719
217 244 1247664759
218 219 1247663799
218 221 1247662719
218 229 1247665099
218 245 1247664999
219 222 1247663779
219 227 1247664879
219 229 1247663999
219 230 1247664179
219 231 1247664759
219 232 1247664779
219 236 1247664959
219 238 1247664979
219 240 1247663979
219 241 1247665059
219 251 1247664839
220 221 1247662579
221 223 1247662999
221 230 1247665539
221 235 1247664519
221 242 1247663799
221 249 1247664919
221 268 1247666359
221 270 1247666359
222 244 1247664639
222 255 1247664659
223 224 1247662839
223 228 1247663879
223 233 1247663739
223 237 1247663779
223 240 1247663759
223 243 1247663659
224 228 1247663859
224 230 1247663859
224 237 1247663759
224 240 1247663739
225 226 1247663199
225 227 1247663199
225 228 1247663199
225 229 1247663199
225 230 1247664759
225 233 1247663919
225 234 1247664039
225 235 1247663919
225 236 1247663919
225 237 1247663899
225 238 1247663719
225 239 1247663459
225 240 1247663779
225 241 1247663799
226 227 1247663199
226 228 1247663199
226 229 1247663199
226 230 1247663259
226 231 1247664019
226 232 1247663499
226 233 1247664059
226 235 1247663919
226 237 1247664299
226 238 1247663959
226 239 1247664219
226 241 1247663819
227 228 1247663199
227 229 1247663199
227 231 1247663419
227 232 1247663859
227 233 1247663499
227 235 1247663459
227 236 1247664019
227 237 1247663599
227 238 1247663519
227 239 1247663819
227 240 1247663819
227 241 1247663459
228 229 1247663199
228 230 1247663239
228 272 1247667379
228 319 1247669659
228 321 1247669659
228 331 1247671479
228 343 1247671499
229 230 1247663259
229 231 1247663419
229 232 1247663419
229 233 1247664059
229 234 1247663719
229 235 1247664079
229 236 1247663699
229 237 1247663639
229 238 1247663719
229 239 1247663419
229 240 1247663659
229 241 1247663479
229 250 1247664819
230 239 1247664339
230 242 1247663619
230 245 1247663559
230 260 1247668739
230 270 1247666939
230 272 1247667159
230 331 1247671479
230 334 1247672179
230 335 1247671459
230 336 1247671459
230 353 1247671579
230 360 1247671599
230 361 1247671599
230 362 1247671599
231 232 1247663399
231 233 1247663399
231 234 1247663419
231 235 1247664039
231 236 1247663479
231 237 1247663439
231 238 1247663579
231 239 1247663639
231 240 1247663639
231 241 1247663719
231 244 1247664659
232 233 1247663719
232 234 1247664659
232 235 1247665179
232 236 1247663919
232 237 1247664019
232 238 1247663579
232 239 1247663539
232 240 1247663579
232 241 1247663719
232 245 1247665779
232 251 1247665679
232 255 1247665379
233 235 1247663419
233 236 1247663839
233 237 1247664499
233 238 1247664459
233 239 1247663759
233 240 1247664239
233 247 1247664659
233 248 1247664639
234 235 1247665399
234 236 1247664319
234 237 1247663419
234 238 1247664279
234 239 1247665299
234 240 1247664479
235 237 1247664139
235 238 1247664319
235 239 1247664859
235 240 1247663659
235 241 1247665159
235 244 1247663859
235 247 1247667279
235 257 1247666339
235 258 1247666699
235 259 1247666119
235 260 1247665799
235 261 1247665779
235 262 1247665819
235 263 1247666779
235 264 1247666079
235 265 1247665839
235 266 1247665899
235 270 1247666579
235 287 1247669279
235 288 1247669199
235 291 1247667239
235 292 1247667239
235 294 1247669419
235 296 1247667219
235 299 1247669759
235 313 1247667799
235 314 1247669159
236 237 1247663419
236 238 1247663419
236 239 1247663819
236 240 1247663439
237 238 1247663419
237 239 1247663939
237 240 1247663559
237 241 1247665139
237 248 1247665139
237 250 1247664819
238 239 1247663459
238 240 1247663579
2 39 1247656939
239 240 1247663639
239 241 1247663639
2 40 1247657199
240 241 1247663639
240 244 1247663659
240 246 1247663719
242 243 1247663539
242 244 1247663539
242 245 1247663539
24 25 1247653479
243 249 1247664419
244 247 1247664659
244 248 1247665099
244 252 1247664619
244 255 1247665959
244 264 1247665779
24 47 1247655999
245 250 1247665199
245 252 1247664659
245 255 1247664999
24 71 1247656859
247 248 1247664119
247 250 1247664559
247 252 1247664819
247 287 1247667219
24 73 1247656859
248 277 1247666719
249 250 1247664339
249 252 1247664759
249 256 1247665219
249 257 1247665239
249 294 1247667419
249 302 1247667639
2 50 1247657499
250 252 1247665239
250 257 1247665259
251 253 1247664819
251 254 1247664779
252 256 1247665239
252 257 1247665259
25 30 1247654439
25 32 1247654439
253 254 1247664659
255 265 1247665819
257 258 1247665859
257 259 1247667019
257 260 1247667559
257 261 1247665859
257 262 1247666359
257 263 1247666179
257 264 1247665899
257 265 1247666919
257 266 1247666599
257 267 1247666919
257 281 1247669179
257 282 1247669459
257 287 1247669759
257 288 1247669199
257 291 1247669459
257 292 1247669679
257 295 1247669199
257 296 1247669439
257 297 1247669679
257 300 1247669679
257 312 1247667819
257 314 1247669499
258 259 1247665779
258 260 1247665919
258 261 1247665819
258 262 1247666959
258 263 1247666779
258 264 1247665939
258 265 1247666119
258 266 1247666359
258 267 1247665939
258 268 1247666579
258 281 1247669519
258 282 1247669319
258 283 1247669719
258 284 1247669719
258 288 1247669279
258 292 1247669299
258 294 1247669379
258 298 1247669199
258 299 1247669419
258 314 1247669439
259 260 1247665779
259 261 1247665899
259 262 1247666139
259 263 1247666939
259 264 1247665919
259 265 1247666319
259 266 1247667059
259 267 1247665919
259 281 1247669779
259 285 1247669719
259 292 1247669799
259 293 1247669219
259 294 1247669419
259 295 1247669419
259 296 1247667199
259 297 1247669799
259 299 1247669219
259 314 1247669239
260 261 1247665779
260 262 1247665779
260 263 1247666139
260 264 1247666099
260 265 1247666179
260 266 1247667019
260 267 1247666659
260 277 1247667179
260 282 1247669219
260 283 1247669239
260 285 1247669199
260 287 1247669459
260 292 1247669699
260 293 1247669199
260 294 1247667219
260 295 1247669239
260 297 1247669699
260 299 1247669419
2 6 1247652479
261 262 1247665799
261 263 1247666579
261 264 1247666639
261 265 1247666259
261 266 1247668499
261 267 1247667739
261 268 1247666579
261 270 1247666579
261 281 1247669559
261 288 1247669399
261 290 1247669259
261 291 1247667239
261 293 1247669719
261 294 1247669219
261 296 1247669699
261 297 1247669639
261 298 1247669739
261 299 1247669139
261 300 1247669739
261 315 1247668479
262 263 1247666459
262 264 1247666119
262 265 1247665919
262 266 1247667119
262 267 1247667039
262 282 1247669659
262 283 1247669539
262 284 1247669639
262 288 1247669519
262 293 1247669119
262 295 1247669179
262 299 1247667219
262 300 1247669619
262 301 1247667239
262 314 1247669499
26 32 1247654759
263 264 1247666199
263 265 1247666039
263 266 1247665799
263 267 1247667399
263 272 1247666659
263 287 1247669779
263 288 1247669319
263 291 1247669279
263 292 1247669239
263 297 1247669759
263 300 1247669239
263 305 1247667979
263 307 1247667759
264 265 1247666479
264 266 1247666439
264 267 1247665819
264 272 1247666739
264 278 1247667199
264 281 1247669239
264 282 1247669559
264 292 1247667219
264 295 1247669239
264 296 1247667219
264 298 1247669299
264 299 1247667219
264 300 1247669499
264 301 1247667219
264 308 1247669159
264 309 1247667979
265 266 1247665799
265 267 1247667399
265 274 1247667999
265 281 1247669119
265 283 1247669559
265 288 1247669259
265 291 1247669359
265 292 1247667239
265 293 1247669139
265 294 1247669239
265 296 1247669179
265 298 1247670099
265 299 1247669119
265 301 1247667239
265 307 1247667919
265 308 1247667939
265 312 1247667939
265 314 1247669239
265 321 1247669619
265 326 1247670279
265 327 1247670219
266 267 1247666959
266 288 1247669659
266 293 1247669719
266 294 1247669719
266 296 1247667239
266 297 1247669239
267 282 1247669679
267 292 1247669299
267 294 1247669719
267 297 1247669279
267 298 1247669239
267 299 1247669719
268 269 1247666259
268 270 1247666259
268 271 1247666259
268 288 1247667199
268 292 1247667219
269 270 1247666259
269 271 1247666259
2 70 1247656659
270 271 1247666259
270 277 1247667159
270 292 1247667219
270 294 1247667219
2 72 1247658179
272 285 1247668779
272 290 1247669079
272 291 1247667859
272 294 1247667859
272 297 1247668779
272 305 1247668959
272 306 1247669179
272 307 1247668939
272 312 1247668519
272 314 1247668779
272 318 1247668819
272 319 1247669879
272 321 1247669879
272 324 1247669839
272 327 1247670599
272 328 1247673839
272 331 1247671379
272 333 1247671999
272 336 1247671499
272 338 1247671979
272 339 1247672859
272 340 1247673059
272 341 1247673059
272 345 1247673019
272 346 1247673159
272 347 1247672939
272 348 1247672979
272 351 1247672839
272 354 1247672719
272 355 1247672979
272 356 1247672599
272 357 1247672579
272 358 1247672999
272 359 1247672599
272 365 1247673479
272 369 1247673159
272 371 1247673379
272 373 1247674099
272 376 1247673819
272 377 1247673819
272 379 1247673819
272 385 1247674699
27 28 1247653999
27 29 1247654079
27 30 1247654079
273 274 1247666379
273 275 1247666379
273 278 1247668259
273 286 1247668259
273 315 1247668239
27 41 1247654699
274 275 1247666379
274 278 1247668319
274 309 1247668199
27 44 1247654719
275 278 1247668259
275 286 1247668259
275 301 1247667399
275 308 1247668139
276 277 1247666579
276 278 1247666579
276 286 1247668039
277 278 1247666599
277 286 1247668239
277 308 1247668239
278 286 1247666679
278 303 1247667659
278 309 1247667939
278 315 1247668259
279 280 1247666659
279 295 1247666979
279 300 1247667039
279 308 1247670599
279 317 1247670599
280 281 1247666819
280 284 1247666779
280 293 1247667039
280 294 1247666979
280 297 1247667039
280 308 1247670599
280 317 1247670599
280 321 1247669799
281 282 1247666659
281 283 1247666659
281 284 1247666659
281 285 1247667799
281 287 1247666899
281 288 1247667459
281 291 1247667079
281 292 1247667119
281 293 1247667459
281 294 1247666939
281 295 1247666999
281 296 1247666879
281 298 1247667059
281 299 1247667879
281 301 1247666839
281 314 1247668259
282 283 1247666659
282 284 1247666659
282 285 1247666659
282 287 1247666779
282 288 1247668239
282 291 1247667419
282 292 1247666899
282 293 1247667399
282 294 1247666839
282 295 1247668399
282 296 1247667119
282 297 1247666899
282 298 1247667059
282 299 1247666799
282 300 1247666899
282 301 1247667059
282 314 1247668499
28 29 1247653999
28 30 1247654299
283 284 1247666659
283 285 1247666659
283 287 1247666759
283 288 1247666799
283 291 1247666819
283 292 1247668559
283 293 1247666779
283 294 1247667579
283 295 1247667259
283 296 1247668419
283 297 1247666779
283 298 1247666759
283 299 1247668699
283 301 1247666959
283 314 1247669079
283 324 1247670119
28 41 1247654739
28 42 1247654739
284 285 1247666659
284 287 1247666959
284 288 1247667619
284 291 1247666759
284 292 1247667399
284 293 1247666959
284 294 1247666899
284 295 1247666939
284 296 1247667279
284 297 1247666839
284 298 1247666799
284 299 1247666799
284 300 1247667139
284 301 1247667419
284 305 1247668279
284 314 1247668519
28 44 1247655239
28 47 1247655779
28 52 1247655299
285 287 1247667779
285 288 1247667259
285 291 1247666799
285 292 1247667939
285 293 1247667039
285 294 1247669119
285 295 1247667179
285 296 1247668219
285 297 1247667359
285 298 1247667139
285 299 1247666879
285 300 1247666799
285 301 1247666899
285 309 1247668399
286 315 1247668259
287 288 1247666739
287 291 1247667019
287 292 1247667119
287 293 1247667339
287 294 1247666859
287 295 1247666799
287 296 1247666779
287 297 1247669159
287 298 1247666959
287 299 1247667079
287 300 1247668099
287 301 1247666819
287 304 1247668259
287 314 1247669179
288 291 1247667239
288 292 1247667139
288 293 1247666759
288 294 1247666759
288 295 1247666759
288 296 1247667159
288 297 1247668279
288 298 1247666779
288 299 1247667159
288 300 1247667399
288 301 1247667459
288 303 1247668339
288 304 1247668399
288 305 1247668619
288 314 1247668439
289 290 1247666759
289 301 1247667859
291 292 1247666759
291 293 1247666939
291 294 1247666999
291 295 1247667359
291 296 1247666879
291 297 1247666779
291 298 1247666919
291 299 1247666899
291 300 1247666799
291 301 1247666899
291 314 1247668539
291 323 1247669439
292 293 1247667059
292 294 1247666979
292 295 1247666939
292 296 1247667019
292 297 1247666759
292 298 1247666879
292 299 1247667459
292 300 1247666879
292 301 1247666939
292 307 1247668479
292 312 1247668419
292 314 1247668539
292 324 1247669759
29 30 1247654019
293 294 1247666959
293 295 1247667119
293 296 1247666859
293 297 1247666819
293 298 1247667239
293 299 1247667099
293 300 1247666939
293 301 1247667159
293 305 1247668399
293 309 1247668399
293 314 1247668179
294 295 1247666919
294 296 1247666999
294 297 1247667799
294 298 1247667679
294 299 1247667159
294 300 1247667139
294 301 1247666839
294 302 1247669159
294 314 1247668959
29 44 1247655459
295 296 1247666759
295 297 1247667419
295 298 1247667259
295 299 1247667079
295 301 1247666819
295 302 1247669159
295 314 1247669439
296 297 1247667259
296 298 1247667119
296 299 1247666859
296 300 1247668559
296 301 1247667059
296 312 1247668439
296 314 1247668559
297 298 1247667799
297 299 1247667379
297 300 1247666879
297 307 1247668419
297 312 1247668419
297 314 1247668679
298 299 1247666759
298 300 1247666839
298 301 1247667979
298 314 1247669099
298 318 1247668879
299 300 1247667619
299 301 1247666839
299 312 1247668459
299 314 1247668199
302 303 1247667219
302 311 1247668819
302 336 1247672679
302 370 1247672659
30 32 1247654459
303 311 1247667579
304 305 1247667559
304 306 1247670439
304 307 1247667879
304 308 1247667879
304 309 1247667679
304 312 1247667599
304 325 1247670059
305 306 1247667759
305 307 1247667579
305 308 1247667719
305 309 1247667759
305 310 1247667579
305 312 1247667599
305 325 1247670459
306 307 1247667579
306 308 1247667579
306 309 1247667579
306 310 1247670379
306 312 1247667619
306 320 1247669939
306 321 1247669939
306 324 1247670079
307 308 1247667819
307 309 1247667579
307 310 1247667979
307 312 1247667639
307 319 1247669779
307 323 1247669919
307 325 1247670059
308 309 1247667579
308 312 1247667859
308 317 1247668739
308 318 1247670499
309 312 1247667639
309 314 1247668259
309 324 1247670079
310 312 1247669879
310 325 1247670499
3 12 1247654299
312 323 1247670259
312 325 1247670459
31 32 1247654079
31 50 1247655379
315 316 1247668279
315 317 1247668319
315 318 1247668799
315 325 1247670279
3 16 1247653059
316 317 1247668279
316 318 1247670219
317 319 1247669599
317 325 1247669959
318 328 1247673859
318 329 1247673719
318 341 1247674799
318 346 1247673859
318 353 1247673559
318 371 1247675219
318 376 1247674239
318 377 1247673639
318 378 1247673639
318 379 1247673819
318 380 1247674319
318 381 1247673639
318 382 1247675399
318 383 1247673699
318 384 1247673979
318 386 1247675599
318 389 1247675639
319 320 1247669259
319 321 1247669259
319 322 1247669459
319 325 1247669939
320 321 1247669339
320 322 1247669279
321 322 1247669619
32 41 1247655139
324 325 1247670079
32 44 1247655079
32 50 1247655319
32 51 1247655339
326 327 1247670219
326 330 1247672899
326 331 1247672919
326 334 1247672879
326 354 1247671999
326 372 1247672959
326 373 1247672979
327 330 1247672839
327 331 1247672839
327 332 1247672819
327 333 1247672819
327 337 1247671759
327 338 1247671759
327 366 1247671959
327 368 1247672199
327 369 1247672379
327 371 1247672799
328 329 1247670879
328 339 1247673539
328 348 1247673439
328 376 1247674059
328 377 1247674139
328 378 1247673899
328 379 1247673819
328 380 1247673699
328 381 1247673879
328 382 1247673699
328 383 1247673779
328 384 1247673739
328 386 1247675619
329 340 1247673539
329 341 1247674819
329 359 1247674519
329 366 1247673079
329 376 1247673559
329 377 1247673559
329 378 1247673819
329 379 1247673979
329 380 1247674059
329 381 1247673779
329 382 1247673639
329 384 1247674619
330 331 1247671059
330 332 1247671079
330 333 1247671099
330 334 1247671379
330 338 1247671579
330 349 1247673319
330 361 1247672699
330 363 1247672679
330 372 1247673279
330 373 1247673259
331 332 1247671159
331 333 1247671059
331 334 1247671159
331 341 1247671499
331 350 1247672759
332 333 1247671059
332 334 1247671519
332 336 1247671439
332 351 1247673799
332 356 1247673779
332 357 1247673719
332 358 1247673719
332 361 1247671939
332 373 1247673239
333 334 1247671079
333 335 1247671379
333 338 1247671539
333 340 1247673559
333 344 1247671859
333 350 1247672759
333 361 1247671939
333 363 1247672679
333 372 1247673239
333 373 1247673239
33 34 1247654279
33 35 1247654279
33 36 1247654299
33 37 1247654559
334 338 1247671399
334 340 1247673499
334 360 1247671939
334 361 1247672159
334 362 1247671939
335 336 1247671259
335 337 1247671699
335 338 1247671459
335 342 1247672599
335 356 1247672619
335 361 1247672099
335 362 1247672099
335 367 1247672519
335 374 1247677019
335 375 1247676619
335 386 1247676259
335 387 1247676279
335 389 1247679699
335 395 1247675619
335 399 1247677119
335 400 1247679139
335 404 1247679699
33 63 1247656539
336 338 1247671459
336 367 1247672519
33 69 1247656319
337 338 1247671339
337 355 1247671999
337 359 1247671999
339 340 1247671419
339 341 1247671499
339 342 1247671479
339 343 1247671519
339 344 1247672239
339 345 1247673739
339 346 1247673719
339 349 1247671879
339 350 1247671679
339 356 1247672059
339 359 1247672739
339 367 1247672539
340 341 1247671439
340 342 1247672159
340 343 1247671519
340 345 1247672019
340 348 1247672019
340 349 1247671559
340 350 1247671559
340 353 1247672259
340 359 1247673739
340 365 1247673779
340 367 1247671959
340 372 1247673619
3 4 1247652279
341 342 1247672019
341 343 1247671719
341 344 1247672479
341 345 1247672839
341 349 1247671659
341 350 1247671579
341 354 1247672839
341 355 1247672839
341 367 1247672539
341 368 1247672419
341 372 1247674579
341 377 1247675239
341 379 1247675159
341 382 1247675199
3 42 1247655039
342 343 1247672639
342 349 1247671679
342 350 1247671699
343 344 1247671519
343 350 1247671579
34 35 1247654279
34 36 1247654299
344 351 1247672739
344 355 1247671999
344 367 1247673019
344 368 1247672419
344 402 1247677939
345 346 1247671519
345 347 1247671519
345 348 1247671519
345 351 1247672059
345 352 1247671759
345 354 1247671919
345 355 1247671899
345 356 1247671679
345 357 1247671919
345 358 1247671979
345 359 1247671879
345 364 1247672299
345 365 1247673159
345 374 1247674339
345 385 1247674099
345 386 1247674419
345 387 1247674419
345 388 1247674339
345 391 1247674699
345 394 1247675339
345 400 1247677759
346 347 1247671519
346 348 1247671519
346 356 1247672139
346 357 1247672679
346 358 1247672879
346 359 1247673039
346 369 1247672619
346 371 1247678259
346 378 1247677679
346 385 1247674099
346 386 1247674639
346 394 1247675379
347 348 1247671519
347 351 1247672299
347 354 1247671879
347 355 1247671579
347 356 1247671599
347 357 1247671799
347 358 1247671779
347 359 1247671799
347 364 1247672319
347 365 1247671799
347 366 1247673579
348 351 1247671599
348 352 1247671839
348 354 1247671979
348 355 1247673299
348 356 1247671659
348 357 1247671599
348 358 1247672059
348 359 1247671599
348 361 1247672659
348 364 1247673119
348 365 1247672699
348 368 1247672679
348 371 1247673379
349 367 1247671959
349 368 1247672699
3 5 1247653059
351 352 1247671579
351 354 1247672039
351 355 1247672279
351 356 1247672859
351 357 1247671879
351 358 1247671639
351 359 1247671619
351 365 1247673259
352 355 1247672899
352 356 1247671799
352 357 1247671659
352 358 1247671659
352 359 1247671639
352 364 1247671719
353 356 1247672519
353 359 1247672519
353 360 1247671659
353 361 1247672759
353 362 1247671639
353 363 1247671639
353 367 1247671999
353 368 1247672279
353 371 1247672759
35 36 1247654299
354 355 1247671579
354 356 1247671699
354 357 1247671599
354 358 1247672099
354 359 1247672599
354 363 1247671699
354 364 1247672299
354 365 1247671719
354 369 1247673599
35 51 1247655559
355 356 1247671879
355 357 1247672099
355 358 1247672299
355 359 1247671879
355 365 1247671719
356 357 1247671579
356 358 1247672519
356 359 1247671779
356 361 1247671899
356 365 1247671779
356 366 1247673579
356 369 1247673159
357 358 1247671579
357 359 1247671579
357 364 1247671659
358 359 1247671579
358 363 1247672519
358 365 1247672859
359 362 1247671679
359 363 1247672519
359 364 1247672979
359 365 1247672279
359 369 1247673319
359 374 1247674059
359 376 1247674119
359 379 1247674059
359 380 1247673859
359 385 1247674839
360 361 1247671599
360 362 1247671619
360 363 1247671759
361 362 1247671599
361 363 1247672759
361 367 1247672519
362 363 1247671639
363 367 1247671979
36 44 1247656539
36 51 1247655559
366 367 1247672959
366 371 1247673059
36 66 1247657339
367 378 1247678539
367 386 1247679139
367 388 1247674519
367 392 1247674699
367 396 1247676479
367 400 1247679659
367 406 1247678499
367 407 1247678559
367 408 1247679399
369 371 1247673359
369 376 1247673779
37 100 1247657959
371 378 1247678539
371 384 1247674339
371 388 1247674779
371 393 1247678539
371 402 1247677939
371 403 1247677939
371 407 1247678559
372 373 1247672899
372 376 1247674559
372 400 1247677039
373 374 1247676479
373 400 1247677059
37 38 1247654399
37 39 1247654399
37 40 1247654459
37 41 1247654659
37 42 1247656499
37 43 1247657399
374 375 1247673379
374 379 1247674239
374 380 1247674239
374 381 1247674239
374 386 1247674419
374 388 1247674259
374 389 1247676459
374 399 1247676879
374 403 1247679139
374 408 1247679799
37 44 1247654619
37 48 1247655019
37 49 1247655059
37 50 1247656059
37 51 1247655339
375 377 1247674239
375 379 1247673899
375 380 1247674219
375 385 1247674279
375 389 1247674519
375 399 1247678479
375 400 1247679939
37 62 1247656219
376 377 1247673539
376 378 1247673559
376 379 1247673559
376 380 1247673939
376 381 1247674259
376 382 1247674799
376 383 1247674559
376 384 1247673919
376 386 1247675599
37 65 1247656239
37 71 1247656619
377 378 1247673719
377 379 1247673559
377 380 1247673639
377 381 1247673979
377 382 1247674019
377 383 1247673679
377 384 1247673699
378 379 1247673559
378 380 1247674239
378 381 1247673639
378 382 1247674339
378 383 1247673679
378 384 1247673699
378 386 1247678359
378 387 1247678219
378 389 1247675879
378 393 1247675779
379 380 1247673639
379 381 1247674819
379 382 1247674639
379 384 1247673939
379 386 1247675639
380 381 1247674219
380 382 1247673679
380 383 1247675799
380 384 1247674379
38 100 1247657859
38 109 1247657919
3 8 1247652979
381 382 1247673639
381 383 1247674079
381 384 1247673799
382 384 1247674019
383 384 1247673979
38 39 1247654399
38 40 1247654439
38 42 1247657819
384 389 1247675639
38 45 1247656259
38 51 1247656399
385 386 1247674399
385 389 1247674839
385 391 1247678279
385 394 1247677039
385 400 1247677739
386 387 1247674119
386 389 1247675459
386 393 1247678359
386 395 1247676399
386 400 1247678799
38 72 1247656879
387 389 1247675459
387 395 1247676359
387 400 1247679399
387 404 1247679679
387 410 1247679519
38 74 1247657959
38 78 1247657459
389 390 1247674479
389 392 1247676379
389 393 1247675279
389 399 1247679439
389 400 1247678919
389 403 1247679419
389 404 1247678799
389 407 1247680459
389 408 1247680459
389 409 1247679659
389 410 1247679679
38 95 1247657919
3 9 1247652979
391 394 1247676999
393 395 1247675859
393 399 1247676799
393 402 1247678499
39 40 1247654579
39 41 1247655839
39 42 1247656519
39 43 1247656499
39 45 1247656479
39 47 1247656939
39 48 1247655159
39 58 1247656139
396 408 1247679559
39 64 1247657919
39 65 1247656239
39 70 1247656599
397 398 1247676719
397 399 1247679619
397 400 1247677599
397 405 1247677479
399 400 1247678019
399 402 1247679599
399 403 1247680219
399 404 1247680439
399 407 1247680459
399 408 1247680119
400 401 1247677059
400 404 1247678919
400 408 1247679579
400 409 1247679439
400 410 1247679819
401 406 1247678839
401 408 1247679579
402 403 1247677219
402 405 1247677299
403 404 1247677339
403 406 1247678299
403 407 1247680559
404 405 1247677239
404 407 1247680559
404 408 1247679639
404 410 1247679679
40 51 1247657479
40 52 1247655479
405 406 1247678499
406 407 1247678079
407 408 1247680459
40 84 1247657579
40 85 1247657959
4 12 1247652959
41 42 1247654499
41 43 1247654519
41 44 1247654519
41 45 1247654579
41 51 1247655179
41 52 1247655299
41 54 1247655759
41 55 1247655759
41 57 1247656939
41 71 1247657199
41 77 1247657399
41 92 1247657459
42 100 1247657879
42 105 1247657879
42 43 1247654539
42 44 1247654559
42 45 1247654559
42 51 1247655139
42 54 1247656639
42 56 1247656159
42 58 1247655959
42 60 1247656699
42 62 1247656339
42 67 1247657799
42 71 1247656559
42 72 1247656559
42 73 1247656559
42 74 1247656679
42 77 1247657059
42 88 1247657919
42 93 1247657879
43 105 1247657859
43 44 1247654519
43 45 1247654559
43 54 1247656639
43 88 1247657919
43 93 1247657879
44 45 1247654539
44 69 1247657699
44 71 1247656479
44 73 1247656559
44 75 1247658079
44 77 1247656719
44 78 1247656679
44 87 1247658039
44 92 1247657679
45 51 1247655179
45 74 1247656979
46 47 1247654899
46 50 1247655699
46 54 1247655859
47 50 1247655419
47 51 1247655699
47 55 1247655939
47 70 1247656919
47 73 1247656919
47 75 1247657039
47 78 1247656999
4 8 1247652959
48 49 1247654959
48 50 1247656179
48 51 1247656179
48 80 1247656879
48 81 1247656919
4 90 1247657379
49 51 1247656179
49 78 1247656939
50 117 1247661819
50 123 1247659839
50 126 1247658999
50 133 1247658999
50 136 1247658999
50 142 1247659819
50 143 1247659499
50 144 1247659499
50 165 1247662239
50 168 1247661579
50 169 1247662419
50 171 1247662699
50 172 1247661559
50 173 1247662479
50 174 1247662459
50 175 1247662419
50 176 1247662459
50 177 1247662479
50 178 1247662439
50 179 1247662459
50 188 1247662759
50 51 1247655039
50 58 1247656439
50 74 1247657479
50 75 1247657459
51 100 1247659859
5 11 1247653039
51 112 1247662479
51 117 1247662859
51 125 1247659379
51 127 1247659379
51 133 1247658999
51 136 1247658999
51 141 1247659799
51 142 1247659799
51 143 1247659499
51 144 1247659499
51 154 1247662099
51 164 1247662199
51 165 1247662239
51 168 1247661579
51 173 1247662479
51 176 1247662459
51 178 1247662459
51 183 1247662459
51 187 1247661759
51 188 1247662859
51 190 1247661799
51 191 1247663479
51 205 1247663459
5 12 1247652999
51 223 1247663599
51 240 1247663659
51 52 1247655159
51 57 1247656439
5 16 1247653099
51 64 1247656759
51 65 1247656519
51 66 1247658879
51 67 1247658459
51 71 1247657279
51 72 1247657479
51 74 1247657479
5 19 1247652939
53 54 1247655239
53 55 1247655279
54 55 1247655279
54 64 1247656399
54 74 1247656659
55 63 1247656619
55 64 1247656379
55 74 1247656659
55 75 1247656659
56 112 1247660979
5 6 1247652279
56 113 1247660959
56 125 1247660959
56 144 1247661039
56 57 1247655639
56 58 1247655819
56 74 1247656999
56 75 1247656999
56 78 1247656979
56 81 1247656999
5 7 1247652299
57 115 1247660959
57 58 1247655699
57 70 1247656939
58 113 1247662119
58 124 1247661079
58 132 1247661479
58 144 1247661039
58 171 1247662039
58 172 1247662019
58 190 1247661479
58 78 1247656979
5 9 1247652999
59 60 1247655839
59 61 1247655859
59 62 1247655899
59 63 1247655899
59 76 1247656719
60 61 1247655859
60 62 1247655879
60 63 1247655899
60 65 1247656419
60 78 1247656739
6 11 1247652959
6 12 1247653019
6 14 1247652899
61 62 1247655879
61 63 1247655899
61 70 1247656539
62 63 1247656399
63 70 1247656539
63 75 1247656699
64 110 1247658399
64 112 1247658459
64 113 1247658459
64 65 1247656019
64 69 1247656199
66 100 1247658619
66 146 1247660659
66 152 1247660779
66 161 1247662779
66 168 1247661359
66 67 1247656119
66 68 1247656139
66 72 1247657739
66 74 1247657699
6 7 1247652299
67 170 1247662559
67 181 1247662759
67 208 1247662759
67 210 1247662759
67 211 1247662739
67 68 1247656139
67 74 1247657699
67 76 1247657499
67 77 1247657499
68 80 1247656719
6 9 1247652999
69 80 1247657919
69 81 1247658619
70 106 1247658379
70 71 1247656259
70 72 1247656279
70 73 1247656279
70 74 1247657999
70 78 1247658019
70 87 1247658079
70 88 1247658139
71 105 1247658399
71 72 1247656279
71 73 1247656279
71 74 1247658019
71 84 1247657879
71 85 1247657879
71 87 1247657959
71 88 1247657959
71 97 1247658399
7 21 1247652859
72 122 1247658639
7 22 1247653439
72 73 1247656279
72 74 1247658019
72 78 1247657399
73 115 1247658679
73 122 1247658639
73 128 1247658679
7 37 1247655159
73 87 1247657979
74 102 1247658079
74 105 1247658079
74 75 1247656379
74 76 1247656399
74 77 1247656539
74 78 1247656439
74 81 1247656899
7 48 1247655139
74 86 1247657919
74 87 1247657659
7 51 1247655699
75 76 1247656399
75 77 1247656419
75 78 1247656439
75 81 1247656879
75 94 1247657659
75 95 1247657659
76 77 1247656439
76 78 1247656479
76 81 1247656899
76 85 1247657879
77 78 1247656659
77 81 1247656919
78 81 1247656879
78 87 1247657939
79 80 1247656499
80 81 1247659039
8 10 1247653459
8 11 1247652499
81 119 1247658539
8 12 1247652459
8 13 1247652459
8 14 1247652579
8 15 1247653159
8 16 1247652719
81 82 1247656599
81 83 1247656599
81 87 1247657719
81 88 1247657679
8 23 1247653379
82 83 1247656599
83 87 1247657419
84 100 1247658239
84 112 1247658579
84 140 1247660339
84 142 1247660339
84 144 1247660299
8 48 1247655039
84 85 1247657159
84 87 1247657339
84 95 1247657839
85 100 1247658219
85 140 1247660339
85 141 1247660359
85 150 1247662279
85 153 1247662279
85 158 1247662279
85 160 1247662339
85 161 1247661739
85 162 1247661139
85 167 1247661299
86 103 1247660039
86 87 1247657259
86 88 1247657259
86 89 1247657259
86 91 1247659759
87 103 1247659119
87 110 1247658559
87 116 1247658879
87 117 1247659699
87 118 1247660099
87 133 1247659099
87 88 1247657259
87 89 1247657259
87 94 1247658419
87 95 1247659819
88 105 1247659119
88 121 1247659259
88 142 1247659899
88 144 1247659979
88 89 1247657259
88 91 1247659759
88 95 1247658379
89 103 1247660039
8 9 1247652439
90 100 1247657679
90 101 1247657619
90 102 1247657619
90 103 1247660019
90 104 1247658379
90 106 1247659519
90 108 1247659279
90 109 1247657859
90 111 1247657959
90 91 1247657379
90 93 1247658399
90 96 1247657659
90 97 1247657519
90 99 1247657619
9 10 1247652819
91 100 1247657559
91 101 1247657959
91 102 1247657559
91 103 1247657899
91 104 1247657859
91 105 1247657539
91 108 1247657939
91 110 1247658639
9 11 1247652499
91 118 1247659839
91 122 1247659839
91 125 1247659839
9 12 1247652699
9 13 1247652479
9 14 1247652479
9 15 1247653139
9 16 1247652839
9 19 1247652899
91 93 1247658099
91 94 1247659559
91 95 1247658659
91 96 1247657559
91 97 1247657539
91 98 1247657519
91 99 1247657519
9 26 1247655039
93 100 1247657939
93 101 1247658459
93 102 1247658499
93 103 1247657539
93 104 1247657539
93 105 1247657559
93 106 1247658379
93 107 1247658959
93 108 1247658719
93 109 1247659259
93 110 1247657619
93 118 1247659219
93 131 1247659299
9 39 1247655039
93 94 1247657499
93 95 1247657539
93 96 1247657659
93 97 1247657959
93 99 1247658179
94 100 1247657859
94 101 1247658359
94 102 1247659279
94 103 1247657859
94 104 1247657659
94 105 1247657839
94 107 1247658819
94 108 1247659739
94 109 1247659859
94 110 1247659259
94 112 1247659479
94 146 1247659879
94 95 1247657499
94 96 1247659799
94 97 1247657959
94 99 1247659719
95 100 1247658279
95 101 1247658399
95 102 1247658639
95 103 1247657859
95 104 1247657539
95 105 1247657839
95 106 1247658179
95 108 1247659239
95 109 1247657979
95 110 1247658359
95 112 1247659379
95 114 1247659499
95 115 1247659499
95 122 1247659839
95 147 1247659759
95 96 1247657799
95 97 1247657899
96 100 1247657599
96 102 1247659719
96 103 1247658259
96 104 1247658419
96 105 1247658419
96 107 1247659819
96 109 1247658159
96 126 1247659279
96 97 1247657519
96 99 1247657579
97 100 1247657519
97 101 1247657919
97 103 1247657919
97 104 1247659379
97 105 1247657919
97 106 1247658639
97 108 1247659259
97 109 1247657659
97 110 1247658959
97 99 1247658499
99 103 1247658519
99 104 1247659919
99 105 1247658499
99 106 1247657559
99 107 1247658279
99 109 1247657579
99 110 1247658659
99 123 1247659759
