1 2 1095183096
3 4 1095183096
5 6 1095183096
7 8 1095183096
2 9 1095183096
8 10 1095183096
11 12 1095183096
6 13 1095183096
14 15 1095183096
7 16 1095183096
7 17 1095183096
7 18 1095183096
7 19 1095183096
7 20 1095183096
16 21 1095183096
18 21 1095183096
21 22 1095183096
21 23 1095183096
8 21 1095183096
10 23 1095183096
17 18 1095183096
17 24 1095183096
17 19 1095183096
17 20 1095183096
17 25 1095183096
22 25 1095183096
19 25 1095183096
23 25 1095183096
8 25 1095183096
23 26 1095183096
20 23 1095183096
23 27 1095183096
26 27 1095183096
20 27 1095183096
7 23 1095183096
28 29 1095183096
21 28 1095183096
28 30 1095183096
28 31 1095183096
24 28 1095183096
22 28 1095183096
27 28 1095183096
23 28 1095183096
20 28 1095183096
8 28 1095183096
7 32 1095183096
25 32 1095183096
17 32 1095183096
24 32 1095183096
19 32 1095183096
23 32 1095183096
20 32 1095183096
8 32 1095183096
33 34 1095183096
29 33 1095183096
30 33 1095183096
7 33 1095183096
16 33 1095183096
31 33 1095183096
25 33 1095183096
17 33 1095183096
24 33 1095183096
23 33 1095183096
20 33 1095183096
8 33 1095183096
16 30 1095183096
25 30 1095183096
17 30 1095183096
24 30 1095183096
27 30 1095183096
20 30 1095183096
8 30 1095183096
20 26 1095183096
8 26 1095183096
26 35 1095183096
25 31 1095183096
17 31 1095183096
24 31 1095183096
23 31 1095183096
20 31 1095183096
8 31 1095183096
22 23 1095183096
8 22 1095183096
29 36 1095183096
36 37 1095183096
30 36 1095183096
25 36 1095183096
17 36 1095183096
24 36 1095183096
23 36 1095183096
29 34 1095183096
21 34 1095183096
7 34 1095183096
17 34 1095183096
23 34 1095183096
8 34 1095183096
34 35 1095183096
3 38 1095183096
3 13 1095183096
7 29 1095183096
17 29 1095183096
19 29 1095183096
10 19 1095183096
4 8 1095183096
18 25 1095183096
25 27 1095183096
25 26 1095183096
20 25 1095183096
25 35 1095183096
17 27 1095183096
17 39 1095183096
17 35 1095183096
23 35 1095183096
28 37 1095183096
16 28 1095183096
25 28 1095183096
10 28 1095183096
26 28 1095183096
28 35 1095183096
7 31 1095183096
7 24 1095183096
7 35 1095183096
33 36 1095183096
33 37 1095183096
18 33 1095183096
22 33 1095183096
10 33 1095183096
21 36 1095183096
16 36 1095183096
31 36 1095183096
18 36 1095183096
22 36 1095183096
10 36 1095183096
26 36 1095183096
20 36 1095183096
8 36 1095183096
35 36 1095183096
18 31 1095183096
10 31 1095183096
19 31 1095183096
16 32 1095183096
22 32 1095183096
27 32 1095183096
26 32 1095183096
10 22 1095183096
19 22 1095183096
20 22 1095183096
30 31 1095183096
22 30 1095183096
10 30 1095183096
26 30 1095183096
29 37 1095183096
21 29 1095183096
29 30 1095183096
29 32 1095183096
16 29 1095183096
18 29 1095183096
24 29 1095183096
27 29 1095183096
23 29 1095183096
8 29 1095183096
34 37 1095183096
16 34 1095183096
18 34 1095183096
24 34 1095183096
22 34 1095183096
20 34 1095183096
21 32 1095183096
21 31 1095183096
21 25 1095183096
21 24 1095183096
21 27 1095183096
3 40 1095183096
3 16 1095183096
3 31 1095183096
3 17 1095183096
3 8 1095183096
3 35 1095183096
17 23 1095183096
8 17 1095183096
8 27 1095183096
7 22 1095183096
28 32 1095183096
8 23 1095183096
21 33 1095183096
32 33 1095183096
27 33 1095183096
10 32 1095183096
41 42 1095183096
34 36 1095183096
32 36 1095183096
19 36 1095183096
27 36 1095183096
30 32 1095183096
18 30 1095183096
11 35 1095183096
26 29 1095183096
22 31 1095183096
26 31 1095183096
22 27 1095183096
22 26 1095183096
32 34 1095183096
10 34 1095183096
19 34 1095183096
27 34 1095183096
26 34 1095183096
12 35 1095183096
3 24 1095183096
3 19 1095183096
24 25 1095183696
7 27 1095183696
38 43 1095183696
2 44 1095183696
45 46 1095184296
7 10 1095184296
2 47 1095184896
48 49 1095184896
10 50 1095184896
10 51 1095184896
10 52 1095184896
10 53 1095184896
15 35 1095184896
7 54 1095184896
7 55 1095184896
7 50 1095184896
7 51 1095184896
7 52 1095184896
7 53 1095184896
7 56 1095184896
15 57 1095185496
7 15 1095185496
15 54 1095185496
15 55 1095185496
10 15 1095185496
15 50 1095185496
15 51 1095185496
15 52 1095185496
15 56 1095185496
8 52 1095185496
15 58 1095185496
57 58 1095185496
7 58 1095185496
55 58 1095185496
10 58 1095185496
52 58 1095185496
8 58 1095185496
8 15 1095185496
5 13 1095186096
7 59 1095186096
7 60 1095186096
15 61 1095186096
7 61 1095186696
10 61 1095186696
8 61 1095186696
35 61 1095186696
8 60 1095186696
35 60 1095186696
61 62 1095186696
7 62 1095186696
60 62 1095186696
10 62 1095186696
8 62 1095186696
7 63 1095186696
7 64 1095186696
7 65 1095186696
7 66 1095186696
15 67 1095186696
15 66 1095186696
10 64 1095186696
10 65 1095186696
10 66 1095186696
15 64 1095186696
15 65 1095186696
15 68 1095187296
14 45 1095187896
9 46 1095190896
42 44 1095193296
10 69 1095202896
70 71 1095204696
4 69 1095234696
1 42 1095238896
15 72 1095239496
11 41 1095239496
11 72 1095240696
11 15 1095240696
1 15 1095240696
1 11 1095240696
68 72 1095241296
12 44 1095241296
11 45 1095241896
12 45 1095241896
15 41 1095242496
5 35 1095243096
71 73 1095243096
11 44 1095243096
4 35 1095243096
1 9 1095245496
6 9 1095245496
9 42 1095245496
35 72 1095245496
2 42 1095245496
6 15 1095245496
12 41 1095246696
44 46 1095246696
11 46 1095246696
41 46 1095246696
12 46 1095246696
41 44 1095246696
6 68 1095246696
35 68 1095246696
46 72 1095247296
15 69 1095247296
4 13 1095247896
4 68 1095247896
68 69 1095247896
1 6 1095248496
46 68 1095249096
6 43 1095249096
10 46 1095249696
41 43 1095249696
49 73 1095250296
43 46 1095250296
4 43 1095250296
48 73 1095250296
48 70 1095250296
49 70 1095250296
70 73 1095250296
3 44 1095250896
11 43 1095251496
3 69 1095251496
9 69 1095252096
13 43 1095252696
74 75 1095252696
11 75 1095253296
7 13 1095253296
3 43 1095253896
4 7 1095253896
41 75 1095253896
43 75 1095254496
6 11 1095254496
3 76 1095254496
68 71 1095254496
6 41 1095255096
2 13 1095255096
2 7 1095255096
4 15 1095255696
15 32 1095255696
10 43 1095256296
32 68 1095256296
3 32 1095256896
46 76 1095257496
7 11 1095257496
14 76 1095258096
14 32 1095258096
4 14 1095258096
14 35 1095258096
3 14 1095258696
38 44 1095258696
14 68 1095259896
5 69 1095260496
11 74 1095261096
69 74 1095261096
72 74 1095261096
15 77 1095261096
11 69 1095261696
7 75 1095261696
10 68 1095261696
68 74 1095261696
11 68 1095261696
14 25 1095261696
15 16 1095261696
15 25 1095261696
9 73 1095262296
14 16 1095262296
42 73 1095262296
2 73 1095262296
16 25 1095262896
16 35 1095262896
3 15 1095263496
4 41 1095263496
7 44 1095263496
4 44 1095263496
44 72 1095263496
46 70 1095264096
12 68 1095265296
4 72 1095265296
3 72 1095265896
43 68 1095265896
13 15 1095265896
10 14 1095265896
14 69 1095265896
13 14 1095265896
13 35 1095266496
45 78 1095266496
15 79 1095266496
15 80 1095266496
15 63 1095266496
15 81 1095266496
14 81 1095266496
7 43 1095267696
2 14 1095268896
12 47 1095274296
14 72 1095322896
5 41 1095331296
16 72 1095331296
73 74 1095333096
25 46 1095333696
15 60 1095334296
14 60 1095334296
44 63 1095334296
5 43 1095334296
12 43 1095334296
2 4 1095335496
72 81 1095335496
8 14 1095335496
7 72 1095336096
12 60 1095336096
8 72 1095336096
8 35 1095336096
49 71 1095336696
60 81 1095336696
43 77 1095336696
48 71 1095336696
9 63 1095337296
4 12 1095337896
10 72 1095337896
10 35 1095337896
35 44 1095337896
4 11 1095338496
10 44 1095339696
15 21 1095340296
15 82 1095340296
15 27 1095340296
14 21 1095340296
14 82 1095340296
14 64 1095340296
14 27 1095340296
38 78 1095340296
21 82 1095340296
21 64 1095340296
21 72 1095340296
21 35 1095340296
27 64 1095340896
8 64 1095340896
64 72 1095340896
64 82 1095340896
27 82 1095340896
8 82 1095340896
72 82 1095340896
35 82 1095340896
27 72 1095340896
27 35 1095340896
25 72 1095341496
7 78 1095342096
60 78 1095342096
78 81 1095342096
16 66 1095342096
11 78 1095342096
11 60 1095342696
11 81 1095342696
10 41 1095342696
11 14 1095342696
35 78 1095343296
11 25 1095343296
6 7 1095343296
11 66 1095343896
77 78 1095343896
27 69 1095344496
6 25 1095344496
25 81 1095345096
6 42 1095345696
16 78 1095345696
6 78 1095345696
42 78 1095345696
16 81 1095345696
6 16 1095345696
6 81 1095345696
44 77 1095346296
10 42 1095346296
10 21 1095346896
10 27 1095346896
45 66 1095346896
12 15 1095347496
4 21 1095348096
35 43 1095348696
21 41 1095348696
6 14 1095350496
2 6 1095350496
7 21 1095350496
6 12 1095351096
12 81 1095351096
12 78 1095351096
15 73 1095351096
46 78 1095351696
4 10 1095351696
41 78 1095351696
10 78 1095352296
10 25 1095352896
14 78 1095354696
43 78 1095354696
11 47 1095362496
11 27 1095376296
69 81 1095378096
5 78 1095405696
16 45 1095412296
1 16 1095412296
13 44 1095412896
4 73 1095412896
1 69 1095412896
16 69 1095413496
35 48 1095415896
4 46 1095417096
5 21 1095417696
5 46 1095418296
5 11 1095418296
14 80 1095418296
16 73 1095418896
16 75 1095420096
10 16 1095420096
43 74 1095422496
4 47 1095423096
43 47 1095423096
15 74 1095423096
13 78 1095423096
35 74 1095423696
21 46 1095424296
45 76 1095427296
21 43 1095429096
69 73 1095430296
46 66 1095430296
1 73 1095430896
6 8 1095431496
7 46 1095432696
7 12 1095434496
3 80 1095434496
7 69 1095436296
5 14 1095436896
43 72 1095437496
14 38 1095438096
38 60 1095439896
7 38 1095440496
11 38 1095440496
12 38 1095440496
38 74 1095440496
69 71 1095441096
7 14 1095441096
1 13 1095448896
1 12 1095448896
43 60 1095449496
13 45 1095462696
14 43 1095545496
10 45 1095547296
5 38 1095600096
35 38 1095601296
15 38 1095604296
6 38 1095606696
14 46 1095609096
27 46 1095610896
10 38 1095610896
38 46 1095613296
60 75 1095620496
6 47 1095627696
15 45 1095628896
4 45 1095671496
11 16 1095671496
1 46 1095671496
5 16 1095671496
11 42 1095672696
5 42 1095672696
16 42 1095672696
8 68 1095673896
8 66 1095674496
4 42 1095675096
6 21 1095675096
16 63 1095678096
14 63 1095678696
5 64 1095678696
3 21 1095679296
3 64 1095679296
41 66 1095679296
5 45 1095680496
68 80 1095681696
64 73 1095681696
25 68 1095681696
35 41 1095682296
64 71 1095682296
49 64 1095682296
48 64 1095682296
38 80 1095682896
8 38 1095682896
27 44 1095683496
38 68 1095683496
38 72 1095683496
27 42 1095683496
14 42 1095684096
8 42 1095684096
42 72 1095684096
42 68 1095684096
25 42 1095684096
21 38 1095684096
27 38 1095684096
25 69 1095684696
5 25 1095685296
41 68 1095685896
2 8 1095685896
27 41 1095685896
38 69 1095685896
2 38 1095685896
2 68 1095685896
14 75 1095687096
68 75 1095687696
8 75 1095687696
60 82 1095687696
16 44 1095688296
14 71 1095689496
11 71 1095689496
43 76 1095689496
15 43 1095689496
43 80 1095689496
43 71 1095689496
8 43 1095689496
2 16 1095689496
42 81 1095689496
8 71 1095690096
71 72 1095690096
35 71 1095690096
46 71 1095690096
38 76 1095690096
15 76 1095690096
68 76 1095690096
76 80 1095690096
8 76 1095690096
72 76 1095690096
14 58 1095690096
38 64 1095690696
58 76 1095690696
58 68 1095690696
58 80 1095690696
58 72 1095690696
11 82 1095691296
7 68 1095691296
27 68 1095691296
60 64 1095691296
38 58 1095691896
58 69 1095691896
35 58 1095691896
6 60 1095691896
41 81 1095692496
81 82 1095692496
43 64 1095692496
43 81 1095692496
14 47 1095693096
38 81 1095693096
47 68 1095693696
8 47 1095693696
47 72 1095693696
35 47 1095693696
10 47 1095694896
14 73 1095694896
4 5 1095694896
6 72 1095695496
68 73 1095695496
72 73 1095695496
35 73 1095695496
41 64 1095695496
8 73 1095695496
25 73 1095695496
4 38 1095696096
7 73 1095696096
3 73 1095696096
35 64 1095696096
38 41 1095696096
30 60 1095698496
14 41 1095699096
5 7 1095699696
3 46 1095699696
7 41 1095700296
27 66 1095700296
5 8 1095700296
5 72 1095700296
6 35 1095700296
5 68 1095700896
7 80 1095701496
46 69 1095702096
8 49 1095705696
35 49 1095705696
7 49 1095705696
15 48 1095705696
48 80 1095705696
7 48 1095706296
3 27 1095706296
27 43 1095711696
35 69 1095721296
14 83 1095736296
15 83 1095736896
68 83 1095737496
32 83 1095738096
35 83 1095738696
76 83 1095746496
10 83 1095747096
28 46 1095759096
15 46 1095759096
46 84 1095759096
32 46 1095759096
12 72 1095759096
15 28 1095759096
28 84 1095759096
12 28 1095759096
28 72 1095759096
28 45 1095759696
45 84 1095759696
32 45 1095759696
45 72 1095759696
7 83 1095759696
75 83 1095759696
72 83 1095759696
3 28 1095759696
12 14 1095760296
69 72 1095765696
25 71 1095766296
4 27 1095768696
46 83 1095769896
14 85 1095769896
15 85 1095769896
32 85 1095769896
10 85 1095769896
35 85 1095769896
3 85 1095770496
76 85 1095770496
69 85 1095770496
3 6 1095771096
21 85 1095771696
7 85 1095771696
80 85 1095771696
46 48 1095772296
46 49 1095772296
46 64 1095772296
46 73 1095772296
44 85 1095772296
44 80 1095772296
72 85 1095772296
68 85 1095773496
4 85 1095773496
3 10 1095774096
7 30 1095774696
30 35 1095774696
35 75 1095774696
35 81 1095776496
10 81 1095776496
27 81 1095777096
4 81 1095777096
28 69 1095777696
11 85 1095777696
48 68 1095778896
44 81 1095780696
47 78 1095782496
38 47 1095782496
16 85 1095784296
12 27 1095784896
16 46 1095785496
25 85 1095786696
43 85 1095787296
38 85 1095788496
12 85 1095788496
66 85 1095840096
9 15 1095846696
9 38 1095847896
12 66 1095849696
46 85 1095850296
28 73 1095850896
10 11 1095854496
10 12 1095854496
64 70 1095854496
28 49 1095854496
28 64 1095854496
6 85 1095854496
28 70 1095854496
28 48 1095855096
78 85 1095855096
8 85 1095855696
3 68 1095857496
2 11 1095857496
2 46 1095858096
2 12 1095858096
2 78 1095858096
60 72 1095858096
75 78 1095858096
8 11 1095858696
4 78 1095858696
12 21 1095859296
47 85 1095859896
9 16 1095861696
4 74 1095862896
42 70 1095863496
3 74 1095863496
16 43 1095863496
16 74 1095863496
16 27 1095863496
12 16 1095863496
74 85 1095865896
10 74 1095865896
58 78 1095865896
7 74 1095866496
58 74 1095867696
58 85 1095867696
74 78 1095867696
12 58 1095868296
8 74 1095869496
9 78 1095869496
8 69 1095870696
65 68 1095873096
21 60 1095873096
46 80 1095873696
3 7 1095874296
6 58 1095877896
65 83 1095918696
31 86 1095929496
19 86 1095929496
23 86 1095929496
53 86 1095929496
72 86 1095929496
27 58 1095929496
15 44 1095930696
59 83 1095931296
3 83 1095931296
8 83 1095931296
35 86 1095931896
68 86 1095932496
4 83 1095936096
9 13 1095936096
1 14 1095936096
27 78 1095937296
14 59 1095937896
59 68 1095937896
28 71 1095938496
10 59 1095938496
35 59 1095938496
59 75 1095938496
30 59 1095938496
25 70 1095939696
30 81 1095939696
75 81 1095940296
63 68 1095944496
48 74 1095944496
9 10 1095944496
13 27 1095945096
14 84 1095945096
13 38 1095945696
10 13 1095945696
1 43 1095945696
55 87 1095946296
87 88 1095946296
52 87 1095946296
26 87 1095946296
20 87 1095946296
30 87 1095946296
30 55 1095946296
30 88 1095946296
30 52 1095946296
26 51 1095946896
15 62 1095946896
57 62 1095946896
32 62 1095946896
20 62 1095946896
32 57 1095947496
20 57 1095947496
68 87 1095947496
68 70 1095948096
51 62 1095948696
26 62 1095948696
70 87 1095948696
41 72 1095948696
20 51 1095948696
1 75 1095949296
57 89 1095949296
1 30 1095949296
30 74 1095949296
62 89 1095949896
1 78 1095950496
13 74 1095950496
12 13 1095951096
51 57 1095951696
26 57 1095951696
32 89 1095951696
32 51 1095951696
13 81 1095951696
34 62 1095951696
37 62 1095951696
62 90 1095952296
34 90 1095952296
37 90 1095952296
57 90 1095952296
32 90 1095952296
89 90 1095952296
51 90 1095952296
26 90 1095952296
20 90 1095952296
34 57 1095952296
34 89 1095952296
34 51 1095952296
27 74 1095952296
12 74 1095952296
20 52 1095952296
30 62 1095952296
30 90 1095952296
30 34 1095952296
13 65 1095953496
32 52 1095953496
74 83 1095953496
34 52 1095954096
14 28 1095957096
87 90 1095957096
34 87 1095957096
57 87 1095957096
87 89 1095957096
2 70 1095959496
52 62 1095961896
1 81 1095962496
33 51 1095962496
1 57 1095963096
58 84 1095966096
28 58 1095966696
33 55 1095967296
33 90 1095967296
55 90 1095967296
6 28 1095967896
34 55 1095967896
33 87 1095968496
28 60 1095968496
28 65 1095968496
51 87 1095968496
62 63 1095969096
33 89 1095969096
62 87 1095969096
33 62 1095969696
55 62 1095969696
59 81 1095969696
26 33 1095975696
33 38 1095979296
20 88 1096011096
30 57 1096011696
30 89 1096011696
51 88 1096011696
30 51 1096014696
73 81 1096016496
11 64 1096017696
41 91 1096017696
46 65 1096018896
73 75 1096020096
38 84 1096020696
30 72 1096021896
72 75 1096021896
21 75 1096021896
5 75 1096022496
46 75 1096022496
65 66 1096025496
32 55 1096025496
55 57 1096025496
1 72 1096026696
21 69 1096027296
32 87 1096027296
33 57 1096027296
9 74 1096027296
21 80 1096027896
12 91 1096027896
43 91 1096027896
6 46 1096027896
11 91 1096028496
53 68 1096029096
30 68 1096029096
27 53 1096029696
6 69 1096030296
2 69 1096030896
83 84 1096030896
9 35 1096032696
12 65 1096033296
50 90 1096033296
8 12 1096033896
39 90 1096033896
28 68 1096037496
28 75 1096037496
35 46 1096038096
6 30 1096038096
6 75 1096038096
43 69 1096038096
28 61 1096039296
8 78 1096039296
69 78 1096039296
43 82 1096039896
4 82 1096040496
12 82 1096040496
78 82 1096041696
9 72 1096043496
25 58 1096044096
58 75 1096044096
39 87 1096050096
58 81 1096052496
11 90 1096059096
25 48 1096071096
15 92 1096071696
41 61 1096125096
2 30 1096128096
2 81 1096143696
30 61 1096150296
30 39 1096153896
61 89 1096156296
20 61 1096156896
39 61 1096156896
61 87 1096158096
4 71 1096195296
2 43 1096204896
27 85 1096213896
4 34 1096229496
16 65 1096233096
13 46 1096273296
11 13 1096274496
13 16 1096276296
39 88 1096276296
39 62 1096276896
5 66 1096284096
44 65 1096284096
44 66 1096284096
5 58 1096284696
11 58 1096284696
5 44 1096284696
39 51 1096286496
13 28 1096287096
33 61 1096287096
51 52 1096287096
13 66 1096288296
58 66 1096289496
9 44 1096290696
44 84 1096291896
28 38 1096292496
44 64 1096294296
6 44 1096294296
9 81 1096294296
14 74 1096296096
43 93 1096296096
52 88 1096297296
52 61 1096297296
34 61 1096297896
28 78 1096297896
64 78 1096297896
69 75 1096298496
44 69 1096298496
75 85 1096298496
7 28 1096299696
28 81 1096302096
39 52 1096303296
13 85 1096305096
34 39 1096305096
85 93 1096306296
78 84 1096308096
6 87 1096317096
9 14 1096317696
52 57 1096361496
13 83 1096361496
44 76 1096362096
32 39 1096363296
52 90 1096363896
39 57 1096364496
68 81 1096366296
80 83 1096366296
21 83 1096366896
13 21 1096367496
13 58 1096369896
3 58 1096369896
71 83 1096369896
25 78 1096371096
43 84 1096371096
25 43 1096371096
37 43 1096376496
13 25 1096377096
13 60 1096377096
57 61 1096380696
8 81 1096386096
8 13 1096386696
60 68 1096386696
8 9 1096387296
3 84 1096389696
65 78 1096397496
5 81 1096453296
65 81 1096455096
3 5 1096455696
5 74 1096456296
74 81 1096456296
60 74 1096456296
60 69 1096456896
4 25 1096459296
3 25 1096459896
63 90 1096461696
33 39 1096462896
27 65 1096463496
11 65 1096463496
43 44 1096463496
61 90 1096465896
46 81 1096468896
51 61 1096472496
11 21 1096477896
51 58 1096477896
58 63 1096478496
8 65 1096482696
13 42 1096483296
16 47 1096491696
44 75 1096534296
78 93 1096538496
21 78 1096538496
13 41 1096539696
44 74 1096541496
16 60 1096543896
46 58 1096543896
1 44 1096546296
58 60 1096546896
46 93 1096548096
4 30 1096548696
43 52 1096549296
27 83 1096557096
12 83 1096557096
1 27 1096558296
1 60 1096558296
1 38 1096558896
13 30 1096560096
38 75 1096560096
3 52 1096569696
62 78 1096573896
33 78 1096574496
33 52 1096575096
43 63 1096575696
51 65 1096578696
30 63 1096579896
34 63 1096579896
61 63 1096580496
16 83 1096620096
4 65 1096621296
30 65 1096621896
65 75 1096622496
4 58 1096631496
27 75 1096631496
2 10 1096632096
12 90 1096636896
4 28 1096643496
28 47 1096644096
47 82 1096644696
46 74 1096644696
52 82 1096647696
5 12 1096650696
38 65 1096653696
51 74 1096716696
13 64 1096719096
41 90 1096722096
75 82 1096726896
30 82 1096726896
28 41 1096731696
7 70 1096743696
5 51 1096757496
74 87 1096816896
33 66 1096818096
2 60 1096824696
2 5 1096888296
5 27 1096889496
32 44 1096891296
12 69 1096894296
28 83 1096899696
64 83 1096899696
83 93 1096900896
81 83 1096901496
69 83 1096901496
10 60 1096902696
64 81 1096903296
6 64 1096903896
6 10 1096903896
41 58 1096903896
6 83 1096905696
27 60 1096906896
16 71 1096920096
41 83 1096983096
4 60 1096990896
27 90 1096991496
27 52 1096993896
43 83 1096996896
3 78 1097001096
14 29 1097004696
14 23 1097004696
29 83 1097004696
15 29 1097005296
10 29 1097005296
29 35 1097005296
60 65 1097010696
59 62 1097041296
52 59 1097043096
39 59 1097043696
23 72 1097052696
23 68 1097053296
59 90 1097053296
59 61 1097053896
6 23 1097061096
13 75 1097062296
16 58 1097064096
33 59 1097065296
22 59 1097066496
51 56 1097067696
4 23 1097067696
29 94 1097067696
15 94 1097067696
68 94 1097067696
80 94 1097067696
23 94 1097067696
7 94 1097068296
72 94 1097068296
65 94 1097070096
66 94 1097070096
66 81 1097070096
56 90 1097070096
17 22 1097070696
32 59 1097071296
29 58 1097072496
14 70 1097073096
17 62 1097075496
14 44 1097075496
17 51 1097077296
66 69 1097079096
5 60 1097079096
5 23 1097079696
46 94 1097082096
13 69 1097083896
14 31 1097083896
31 80 1097084496
31 35 1097084496
23 69 1097085096
1 31 1097085096
22 56 1097085696
22 61 1097085696
56 61 1097085696
16 51 1097086296
59 71 1097086896
17 47 1097089296
17 74 1097092296
47 74 1097095296
8 87 1097103696
17 56 1097116896
22 39 1097134896
17 52 1097134896
39 56 1097134896
22 52 1097134896
52 56 1097134896
30 56 1097134896
17 59 1097134896
56 59 1097134896
32 56 1097139696
22 62 1097140296
56 62 1097141496
51 59 1097142096
22 51 1097142096
31 42 1097143896
31 63 1097144496
17 90 1097144496
9 31 1097145096
22 90 1097145696
2 31 1097145696
13 31 1097148696
22 87 1097150496
23 58 1097151096
33 56 1097153496
31 44 1097153496
47 87 1097154096
27 87 1097154096
12 87 1097154096
16 38 1097154696
31 41 1097155296
12 94 1097157696
3 23 1097158296
1 66 1097161296
35 65 1097165496
23 83 1097166096
23 78 1097167896
27 51 1097167896
31 78 1097172696
21 47 1097173296
54 62 1097177496
54 59 1097178096
39 54 1097178096
30 54 1097178696
51 54 1097179296
33 54 1097179296
59 87 1097180496
54 87 1097181096
59 78 1097191296
56 87 1097227896
9 84 1097229096
9 43 1097229696
17 44 1097236296
21 81 1097236896
2 74 1097236896
63 83 1097239896
31 65 1097247696
40 61 1097248296
17 40 1097248296
40 52 1097248296
42 65 1097248296
31 58 1097248296
58 65 1097248296
42 58 1097248296
35 42 1097248296
2 58 1097251296
71 90 1097253696
40 90 1097314296
3 81 1097330496
1 35 1097332896
1 58 1097332896
1 3 1097332896
46 60 1097332896
2 75 1097341296
65 72 1097511096
31 81 1097521296
58 87 1097524296
17 54 1097566296
52 54 1097566296
54 56 1097566896
40 62 1097574096
9 45 1097583096
23 38 1097584896
5 30 1097586696
31 69 1097589696
44 68 1097590296
36 87 1097590296
29 68 1097590896
36 54 1097590896
29 38 1097590896
5 29 1097591496
36 59 1097592096
46 47 1097592696
5 10 1097592696
56 88 1097593296
36 61 1097593296
36 52 1097593296
36 56 1097593296
36 62 1097593296
31 73 1097593896
6 29 1097593896
73 78 1097595096
32 54 1097595096
29 47 1097611896
28 66 1097618496
23 62 1097652096
75 87 1097656896
23 88 1097657496
23 59 1097658696
17 61 1097658696
23 30 1097659296
32 61 1097660496
51 72 1097664096
23 54 1097664696
38 83 1097664696
23 51 1097665296
29 43 1097665296
70 83 1097665896
13 68 1097665896
13 29 1097667096
16 31 1097668896
30 41 1097671896
41 94 1097671896
29 41 1097673096
84 94 1097674296
20 68 1097674896
16 49 1097676696
8 41 1097676696
3 41 1097676696
19 68 1097679096
7 86 1097679096
41 86 1097679096
8 86 1097679096
38 86 1097679096
19 38 1097679696
36 51 1097680296
12 86 1097680896
44 86 1097680896
25 74 1097682696
83 86 1097683896
14 86 1097683896
1 5 1097692296
29 60 1097693496
29 81 1097693496
14 19 1097693496
33 40 1097737896
9 86 1097740896
4 86 1097746896
46 86 1097748096
54 90 1097754096
5 65 1097754096
5 86 1097754696
5 9 1097755296
5 31 1097755296
47 54 1097755296
25 83 1097756496
40 43 1097759496
43 86 1097761896
38 82 1097765496
38 66 1097769696
19 44 1097769696
28 54 1097772696
19 58 1097774496
3 12 1097776896
66 90 1097779896
5 28 1097779896
44 51 1097781096
19 28 1097781696
5 19 1097782296
48 60 1097786496
45 70 1097830896
13 70 1097830896
12 70 1097830896
41 73 1097832096
43 70 1097832096
54 61 1097832696
65 73 1097833896
2 88 1097834496
2 28 1097836896
52 74 1097836896
31 70 1097838096
32 73 1097838096
4 29 1097840496
36 91 1097840496
52 91 1097840496
44 94 1097841096
23 74 1097841096
17 91 1097841096
23 46 1097844696
88 91 1097845296
6 66 1097847696
28 43 1097849496
28 94 1097849496
23 56 1097850096
28 86 1097850096
23 61 1097851296
1 28 1097852496
78 86 1097853096
21 58 1097855496
23 66 1097856096
19 78 1097856096
15 78 1097858496
29 78 1097859096
1 62 1097859096
59 74 1097859696
2 62 1097859696
54 74 1097860296
2 35 1097860896
35 94 1097865696
21 42 1097866296
12 42 1097866896
38 42 1097928696
2 21 1097937096
2 41 1097941896
21 74 1097945496
29 84 1097967696
25 52 1098039096
66 78 1098043896
10 18 1098071496
18 19 1098071496
8 18 1098071496
18 35 1098071496
18 81 1098073296
5 18 1098073896
13 18 1098073896
6 18 1098073896
44 91 1098092496
64 66 1098093696
20 58 1098095496
20 72 1098095496
23 90 1098095496
1 20 1098096096
44 59 1098096096
44 52 1098096096
30 44 1098096696
2 20 1098096696
30 66 1098096696
66 75 1098096696
16 19 1098097896
29 66 1098097896
19 60 1098098496
56 68 1098098496
19 30 1098098496
16 86 1098099096
19 43 1098100896
2 86 1098101496
25 66 1098103296
48 62 1098108696
68 78 1098111096
20 78 1098111096
1 8 1098111096
1 91 1098111696
20 60 1098111696
29 64 1098111696
43 58 1098112896
14 18 1098114096
18 68 1098114096
18 28 1098114696
18 60 1098115296
18 43 1098118296
24 54 1098118896
18 58 1098118896
24 59 1098118896
18 78 1098118896
58 86 1098119496
4 31 1098120696
24 90 1098121896
19 81 1098123696
18 74 1098133896
18 72 1098138096
29 69 1098141096
18 65 1098145896
12 18 1098145896
18 69 1098154896
4 18 1098165696
18 75 1098166296
29 74 1098175296
29 72 1098175296
10 94 1098176496
74 94 1098176496
36 63 1098180696
21 86 1098181296
27 86 1098181896
24 61 1098187296
23 39 1098188496
18 38 1098189096
30 69 1098189096
31 74 1098191496
19 91 1098191496
35 91 1098191496
21 91 1098191496
20 73 1098192096
21 73 1098192096
44 73 1098192096
13 73 1098192096
43 73 1098192696
19 74 1098193296
5 73 1098193896
36 39 1098196296
20 69 1098198096
24 87 1098198696
16 18 1098199296
17 87 1098199896
23 87 1098199896
4 16 1098200496
21 68 1098200496
16 94 1098201696
49 91 1098205296
19 46 1098205896
10 75 1098205896
20 43 1098205896
72 78 1098205896
13 72 1098206496
65 69 1098207096
43 65 1098207096
76 78 1098207696
60 63 1098209496
18 44 1098211896
1 71 1098214296
1 33 1098214296
1 17 1098214296
47 49 1098222696
20 38 1098226896
18 91 1098232896
18 66 1098234096
24 62 1098263496
58 91 1098272496
13 20 1098273096
46 91 1098273096
66 91 1098273696
10 17 1098274896
17 46 1098274896
65 91 1098274896
13 91 1098275496
20 44 1098275496
2 91 1098275496
2 65 1098275496
29 86 1098276096
12 29 1098276096
72 91 1098276696
2 82 1098279696
10 91 1098280896
82 91 1098280896
40 87 1098285696
69 86 1098288096
1 65 1098288696
3 20 1098293496
2 3 1098293496
31 66 1098295296
3 63 1098295896
3 66 1098298296
13 39 1098298296
20 35 1098304896
18 41 1098307896
18 95 1098339696
2 18 1098340296
1 18 1098341496
18 42 1098343296
40 59 1098343896
41 65 1098348096
37 40 1098351096
40 54 1098351696
36 40 1098357096
40 74 1098357696
40 63 1098359496
23 40 1098360696
33 74 1098361296
65 74 1098364896
30 40 1098365496
24 40 1098365496
39 40 1098365496
20 42 1098366696
16 20 1098368496
42 69 1098372696
78 83 1098375696
32 40 1098376896
40 51 1098378696
8 95 1098378696
66 95 1098379896
8 46 1098379896
43 95 1098380496
43 66 1098380496
41 95 1098380496
20 75 1098380496
2 95 1098381096
30 95 1098381096
75 95 1098381096
62 84 1098381096
58 95 1098381096
29 95 1098381696
41 60 1098381696
60 95 1098381696
60 66 1098381696
46 62 1098381696
61 74 1098381696
16 41 1098381696
8 16 1098381696
16 95 1098381696
5 95 1098381696
65 95 1098381696
13 95 1098381696
29 75 1098381696
29 65 1098382296
2 29 1098382296
14 52 1098383496
35 95 1098383496
1 41 1098384696
1 95 1098384696
1 29 1098384696
78 95 1098385896
20 65 1098386496
44 78 1098386496
42 95 1098386496
44 58 1098386496
29 44 1098386496
44 95 1098386496
29 42 1098386496
38 95 1098387096
14 95 1098387696
46 95 1098390696
74 95 1098391896
54 91 1098432096
38 39 1098435696
39 68 1098435696
3 39 1098438096
39 42 1098441096
18 86 1098444096
6 39 1098445296
86 95 1098447696
44 47 1098448896
12 95 1098449496
3 95 1098449496
68 95 1098449496
40 56 1098451296
68 91 1098453096
86 91 1098453096
91 95 1098453696
25 95 1098454296
10 95 1098454296
31 43 1098456096
42 43 1098456096
41 74 1098456096
41 69 1098456096
74 86 1098456696
42 71 1098467496
3 33 1098468696
2 48 1098469296
19 61 1098472896
18 73 1098537696
1 19 1098561096
54 69 1098613896
17 94 1098617496
81 94 1098620496
71 91 1098621696
19 62 1098629496
40 89 1098629496
2 33 1098633696
36 89 1098700896
42 46 1098700896
6 17 1098700896
17 89 1098702096
6 33 1098702096
11 18 1098702696
42 60 1098702696
19 51 1098703296
19 33 1098703296
51 81 1098705096
19 65 1098705096
59 89 1098705696
11 94 1098706296
31 68 1098708696
52 94 1098709296
19 52 1098709296
52 68 1098709296
51 66 1098710496
63 78 1098711096
42 94 1098711696
4 52 1098712296
11 28 1098717096
5 33 1098727296
11 95 1098728496
31 47 1098732096
3 11 1098732096
18 46 1098741096
69 91 1098741096
54 89 1098781296
14 90 1098788496
58 94 1098790296
64 68 1098790896
10 86 1098793296
23 52 1098793296
18 82 1098798696
6 95 1098801096
9 20 1098801096
18 47 1098806496
36 90 1098868296
40 75 1098869496
40 47 1098881496
14 62 1098892896
62 76 1098892896
3 62 1098893496
62 68 1098893496
4 62 1098893496
35 62 1098893496
62 69 1098894096
6 62 1098894096
25 59 1098900096
8 59 1098900096
4 59 1098900696
3 59 1098900696
59 69 1098901296
59 80 1098901896
3 89 1098913296
54 94 1098913296
48 66 1098919896
74 89 1098955296
19 72 1098958296
19 41 1098961896
4 19 1098961896
40 78 1098963696
39 43 1098967896
8 19 1098971496
3 65 1098982296
13 94 1098986496
19 35 1098996096
49 54 1099001496
18 59 1099006896
56 74 1099047696
5 62 1099050696
19 73 1099060296
20 74 1099063296
58 89 1099066896
38 40 1099067496
47 59 1099068696
15 33 1099069296
33 35 1099069296
4 33 1099069896
17 43 1099144296
37 44 1099162296
34 42 1099162896
13 48 1099171296
10 54 1099174896
15 90 1099174896
10 90 1099174896
15 89 1099176096
15 36 1099179096
15 30 1099179696
15 24 1099179696
10 87 1099179696
10 89 1099179696
8 54 1099181496
8 90 1099182096
22 54 1099191096
15 59 1099237296
60 71 1099238496
15 47 1099238496
60 89 1099242096
15 19 1099245096
6 19 1099265496
65 90 1099303296
15 91 1099303896
81 91 1099306896
4 91 1099306896
34 56 1099307496
15 42 1099308096
34 40 1099308696
42 54 1099309296
54 72 1099309296
17 42 1099309896
15 17 1099309896
17 72 1099310496
17 41 1099311096
3 42 1099312296
21 54 1099312296
42 86 1099313496
15 86 1099314096
15 93 1099316496
21 93 1099316496
86 93 1099316496
68 93 1099316496
41 93 1099316496
72 93 1099316496
5 93 1099317696
26 40 1099318296
58 93 1099318296
38 63 1099318896
17 26 1099320096
26 59 1099320096
66 68 1099321896
21 66 1099321896
21 59 1099322496
15 84 1099324296
35 56 1099325496
3 56 1099325496
56 82 1099325496
14 56 1099326696
56 72 1099326696
25 41 1099328496
34 54 1099328496
25 63 1099328496
34 59 1099329096
68 82 1099329696
25 82 1099330296
25 56 1099330296
9 85 1099330296
21 63 1099330896
21 56 1099330896
14 65 1099331496
47 61 1099331496
14 37 1099332096
15 37 1099332096
46 56 1099332096
35 37 1099333896
37 94 1099333896
25 94 1099333896
14 94 1099334496
25 47 1099335096
15 20 1099336896
14 20 1099336896
14 77 1099339296
77 94 1099339896
65 84 1099340496
37 61 1099384296
26 88 1099384896
37 89 1099384896
26 37 1099384896
32 37 1099385496
37 51 1099385496
78 91 1099390896
30 37 1099390896
37 59 1099390896
17 37 1099390896
37 52 1099390896
37 39 1099390896
37 56 1099390896
37 54 1099391496
24 37 1099391496
2 72 1099392096
2 15 1099392096
81 84 1099396896
84 90 1099397496
59 91 1099398096
19 75 1099398696
15 75 1099398696
30 83 1099401096
65 77 1099401696
19 77 1099401696
40 91 1099401696
35 77 1099401696
1 77 1099402296
27 54 1099402296
32 77 1099402296
61 68 1099402896
1 61 1099402896
61 72 1099402896
68 77 1099402896
19 83 1099402896
61 77 1099402896
24 77 1099402896
4 77 1099402896
3 61 1099403496
19 23 1099404096
37 87 1099404096
1 23 1099404096
15 23 1099404096
23 77 1099404096
72 77 1099404696
77 83 1099404696
40 41 1099404696
74 77 1099405296
32 63 1099405896
73 83 1099406496
1 25 1099406496
5 83 1099407096
73 84 1099407096
74 84 1099407696
15 18 1099408296
1 74 1099408296
25 77 1099408896
18 83 1099409496
5 77 1099409496
20 77 1099409496
5 15 1099409496
9 41 1099410096
4 6 1099413696
27 77 1099415496
41 77 1099415496
31 77 1099417896
15 31 1099417896
16 84 1099419696
27 31 1099420296
16 77 1099420296
39 81 1099423296
39 77 1099424496
15 39 1099424496
26 39 1099476696
26 56 1099476696
26 54 1099476696
26 61 1099477296
31 49 1099477896
58 83 1099481496
15 26 1099487496
19 88 1099487496
19 26 1099487496
26 52 1099487496
35 88 1099487496
40 83 1099488096
26 83 1099488696
3 26 1099488696
40 46 1099490496
26 46 1099490496
21 52 1099490496
15 40 1099492296
40 68 1099492296
25 40 1099492296
19 40 1099492296
35 84 1099494096
48 77 1099494696
19 48 1099494696
15 71 1099495296
71 77 1099495296
21 65 1099495896
77 86 1099502496
7 77 1099502496
41 84 1099504896
83 91 1099507296
2 39 1099509696
39 73 1099510296
54 57 1099515096
35 90 1099551096
37 57 1099557096
4 84 1099563096
6 31 1099566696
19 66 1099568496
21 84 1099568496
23 37 1099569096
32 72 1099569696
32 35 1099569696
72 84 1099569696
32 69 1099572096
19 21 1099572096
32 75 1099572096
13 19 1099572696
4 66 1099573896
8 84 1099577496
19 27 1099578696
19 69 1099578696
63 77 1099580496
12 84 1099585896
70 91 1099587696
35 70 1099587696
10 77 1099589496
68 84 1099594896
38 71 1099597896
69 84 1099598496
62 71 1099601496
20 91 1099654896
73 91 1099657296
6 56 1099657896
25 75 1099663296
75 94 1099663296
86 94 1099663896
27 94 1099663896
23 65 1099665096
5 94 1099665096
7 84 1099671696
10 84 1099671696
27 84 1099671696
19 84 1099672296
66 84 1099672296
8 44 1099672896
33 69 1099677096
39 78 1099683096
41 82 1099761096
68 90 1099821096
13 37 1099836096
60 94 1099839696
48 65 1099845096
7 81 1099853496
18 27 1099858296
74 90 1099903896
5 84 1099915296
44 56 1099917096
83 94 1099917096
4 56 1099917696
36 74 1099918296
2 32 1099924296
32 84 1099924296
2 84 1099924296
73 90 1099924896
12 19 1099924896
58 64 1099927896
46 63 1099928496
63 84 1099930296
3 91 1099930896
75 91 1099931496
4 64 1099933296
64 91 1099934496
41 54 1099992096
75 84 1100006496
3 18 1100006496
8 40 1100007096
13 23 1100007696
23 84 1100008296
17 28 1100008896
60 84 1100010096
47 83 1100011896
78 94 1100015496
27 91 1100019696
2 19 1100026296
19 20 1100085096
66 74 1100088096
25 93 1100093496
65 93 1100093496
31 91 1100095296
6 91 1100095896
6 93 1100100696
5 32 1100106096
35 93 1100110296
59 94 1100121696
30 94 1100126496
90 94 1100127696
14 36 1100184096
36 68 1100184096
8 77 1100194296
1 68 1100194896
47 60 1100203896
15 96 1100247696
72 96 1100252496
14 96 1100252496
80 96 1100253096
68 96 1100254896
44 96 1100255496
3 96 1100256096
57 71 1100257296
57 96 1100257296
37 91 1100263296
74 91 1100267496
3 93 1100270496
14 93 1100270496
4 93 1100270496
13 84 1100276496
6 84 1100277096
4 20 1100281896
8 94 1100284296
33 47 1100356296
83 96 1100362296
4 96 1100362296
8 96 1100363496
2 64 1100375496
10 73 1100395296
36 69 1100428296
26 69 1100430696
40 69 1100434896
66 83 1100457096
17 93 1100506896
17 65 1100512896
16 93 1100518296
4 75 1100520696
6 20 1100523696
19 93 1100528496
12 20 1100535096
20 84 1100535696
8 93 1100536296
19 85 1100536296
81 85 1100537496
18 84 1100538096
60 85 1100539896
83 85 1100540496
60 83 1100541096
6 96 1100550696
85 86 1100609496
5 85 1100612496
84 86 1100612496
24 43 1100612496
75 93 1100618496
30 77 1100626896
38 93 1100627496
60 93 1100627496
26 77 1100627496
32 49 1100628096
32 65 1100687496
3 77 1100689896
6 27 1100691696
29 46 1100692896
19 42 1100694096
33 91 1100694696
77 87 1100700096
81 93 1100700096
13 93 1100701896
51 77 1100705496
51 68 1100705496
38 77 1100712696
25 38 1100714496
29 93 1100778096
52 86 1100781096
41 56 1100783496
10 40 1100786496
40 72 1100786496
6 74 1100786496
20 59 1100789496
74 93 1100791296
34 47 1100791896
7 47 1100793096
3 47 1100794296
12 25 1100799096
23 43 1100799096
42 56 1100799696
7 42 1100800896
23 42 1100800896
41 96 1100802696
33 96 1100803296
52 96 1100803296
23 96 1100803296
42 74 1100806296
33 84 1100815896
52 84 1100822496
54 68 1100859696
34 68 1100859696
33 68 1100860296
37 68 1100860296
17 68 1100865096
39 91 1100868696
65 71 1100872296
33 73 1100873496
71 96 1100877696
42 84 1100879496
10 96 1100880696
19 96 1100880696
35 96 1100880696
78 96 1100881296
43 96 1100881296
38 96 1100881296
7 96 1100885496
27 96 1100885496
12 96 1100885496
84 96 1100886096
20 96 1100886096
13 96 1100894496
73 96 1100902296
60 61 1100965896
18 23 1100979696
47 94 1101052296
87 94 1101054096
44 60 1101123096
35 76 1101124296
13 62 1101128496
42 62 1101128496
65 86 1101133896
10 93 1101137496
66 93 1101139296
4 76 1101139896
40 73 1101140496
10 76 1101142296
66 88 1101144696
33 94 1101158496
69 76 1101204696
20 81 1101206496
69 93 1101208296
10 20 1101211896
12 93 1101212496
33 65 1101213096
13 86 1101213696
68 89 1101215496
77 85 1101215496
69 77 1101216696
20 41 1101220896
8 20 1101225096
46 77 1101226296
15 34 1101231096
13 77 1101236496
59 66 1101237096
85 94 1101304296
3 94 1101304896
13 34 1101307296
1 83 1101312096
77 96 1101313896
7 93 1101319296
76 96 1101319896
85 96 1101322296
69 96 1101668496
13 52 1101738096
19 49 1101740496
49 72 1101740496
11 84 1101741096
64 86 1101741696
11 86 1101742896
29 85 1101745896
28 77 1101746496
64 65 1101747696
41 85 1101752496
60 86 1101753696
66 86 1101753696
1 4 1101753696
77 84 1101762096
12 59 1101766296
7 91 1101813696
1 7 1101816696
34 74 1101816696
69 94 1101816696
42 77 1101820296
58 77 1101820296
19 94 1101823896
37 41 1101824496
20 37 1101824496
34 91 1101824496
34 41 1101824496
17 85 1101826296
28 74 1101834096
5 17 1101838896
20 66 1101856296
6 65 1101901896
11 19 1101903096
32 71 1101904296
29 59 1101908496
6 82 1101912096
11 29 1101914496
82 85 1101915696
14 66 1101915696
85 90 1101929496
14 39 1101931896
39 94 1101931896
56 94 1101931896
62 74 1101933096
39 69 1101934296
56 69 1101934296
63 96 1101934896
39 74 1101935496
14 40 1101936696
18 56 1101938496
26 74 1101940896
56 91 1101993096
66 73 1102003896
46 82 1102005096
66 82 1102007496
19 82 1102007496
65 85 1102011096
25 91 1102011096
12 77 1102074696
36 41 1102075896
61 94 1102078896
33 72 1102090296
7 25 1102095096
6 59 1102108296
8 39 1102174896
8 56 1102175496
34 78 1102289496
68 79 1102333296
5 82 1102335696
11 39 1102335696
78 79 1102336896
19 79 1102343496
8 79 1102343496
35 79 1102343496
6 79 1102344096
72 79 1102344696
25 79 1102345896
3 79 1102346496
19 64 1102346496
25 44 1102352496
69 79 1102354896
84 85 1102410696
75 86 1102426296
24 85 1102427496
39 41 1102428696
24 83 1102440096
89 94 1102441296
24 68 1102441896
84 91 1102442496
2 94 1102447896
14 24 1102462896
15 22 1102494696
44 83 1102502496
11 83 1102509696
22 40 1102510896
21 77 1102515096
2 85 1102515696
6 77 1102520496
3 86 1102525296
36 43 1102534896
11 56 1102597296
79 85 1102602696
28 96 1102603296
11 92 1102604496
23 85 1102605696
10 79 1102605696
11 23 1102605696
79 91 1102610496
8 51 1102613496
79 94 1102690896
58 71 1102698696
11 77 1102699296
75 77 1102699296
6 76 1102729896
12 76 1102732896
74 76 1102735896
5 76 1102735896
11 17 1102783896
46 52 1102865496
11 51 1102878696
77 93 1102938096
39 85 1102944096
6 73 1102954296
14 87 1102956696
25 96 1103030496
58 82 1103038896
39 58 1103040696
13 82 1103044296
42 85 1103109696
63 86 1103113296
54 86 1103113896
12 75 1103115696
6 86 1103116896
82 86 1103119896
11 96 1103120496
82 94 1103122896
82 84 1103123496
65 82 1103123496
77 82 1103123496
10 82 1103123496
3 82 1103124096
69 82 1103124096
14 33 1103125296
49 86 1103125896
43 49 1103126496
40 77 1103214096
85 91 1103258496
64 84 1103295096
64 69 1103295096
3 51 1103302296
5 96 1103306496
44 70 1103475096
76 93 1103738496
42 93 1103738496
16 68 1104166896
4 40 1104850896
11 93 1104938496
64 85 1105036296
14 61 1105104096
21 76 1105107096
14 91 1105281696
17 79 1105361496
2 79 1105362696
16 79 1105363896
11 31 1105374096
84 93 1105374696
15 95 1105393896
20 93 1105439496
18 93 1105446696
81 86 1105446696
20 95 1105447296
11 79 1105447296
20 79 1105447296
79 95 1105447296
76 84 1105459296
56 70 1105466496
11 76 1105468896
42 76 1105468896
13 76 1105470096
1 93 1105534296
2 27 1105540296
31 72 1105540896
19 76 1105546896
44 93 1105579896
65 79 1105611696
64 94 1105642896
27 95 1105648296
40 84 1105651296
11 87 1105707096
77 95 1105708296
18 40 1105740696
18 77 1105821096
91 94 1105897296
67 77 1106071296
67 68 1106071296
10 67 1106071296
27 67 1106071296
11 67 1106071296
67 84 1106072496
7 82 1106076096
67 78 1106079696
13 79 1106149296
12 79 1106149296
41 67 1106224296
33 58 1106225496
67 86 1106226096
12 67 1106231496
67 69 1106254296
46 89 1106276496
4 67 1106307096
15 87 1106313096
70 84 1106315496
70 78 1106315496
61 67 1106316696
40 49 1106323896
60 67 1106343096
1 67 1106343096
2 67 1106343096
26 67 1106345496
2 51 1106349096
1 87 1106350896
6 67 1106566896
67 72 1106571096
3 49 1106596896
40 60 1106614296
4 79 1106651496
31 79 1106655696
15 70 1106655696
10 70 1106655696
70 72 1106655696
70 76 1106656296
4 70 1106656296
67 74 1106667096
13 67 1106667096
3 60 1106674296
20 70 1106676696
66 67 1106679096
47 67 1106749296
19 67 1106750496
58 67 1106752296
25 86 1106848896
40 58 1106848896
17 86 1106852496
17 69 1106852496
17 78 1106854896
37 78 1106856096
54 78 1106911896
20 67 1106916096
31 46 1106916696
46 87 1106917896
46 67 1106926296
64 67 1107012096
14 67 1107039696
31 67 1107117096
20 46 1107157296
5 79 1107166896
67 91 1107173496
28 67 1107175896
49 58 1107183696
49 68 1107183696
65 67 1107195096
60 79 1107255696
3 29 1107267096
67 82 1107270696
5 40 1107272496
11 20 1107288096
67 81 1107352296
35 67 1107363696
20 86 1107382296
21 67 1107430896
1 79 1107440496
1 10 1107445296
8 67 1107516696
47 79 1107524496
66 79 1107528696
5 67 1107536496
7 67 1107554496
3 87 1107557496
39 86 1107627696
32 78 1107785496
27 40 1107805296
39 46 1107816096
18 67 1107868896
18 79 1107873696
79 82 1107873696
40 94 1107983496
76 77 1108131096
29 76 1108132296
23 79 1108291296
25 67 1108393896
63 67 1108393896
3 67 1108394496
79 81 1108397496
49 78 1108401696
66 76 1108494096
35 40 1108737096
21 40 1108741896
26 70 1109075496
70 74 1109089296
42 67 1109162496
52 69 1109273496
73 86 1109343096
64 79 1109352096
13 17 1109600496
56 78 1109765496
6 40 1109780496
9 58 1109852496
4 9 1109852496
41 79 1109853096
9 11 1109854296
2 40 1110573696
20 39 1110889896
28 82 1111165296
4 17 1112190096
35 51 1112191896
28 91 1112362296
1 70 1113404496
21 70 1113484896
18 70 1114006296
10 49 1114897296
